-297
1237
10
2065
-4284
-327
-2022
-1706
-1585
-1502
4380
3198
4049
-550
-1325
3978
229
117
4167
2129
519
-562
-1023
1358
187
-193
675
-3257
167
1824
-3566
654
1391
-1146
354
-2592
971
1389
4220
-854
-3978
-2944
2830
-1748
4725
-347
4143
966
4113
-3098
2349
-49
-4316
-2630
4533
2100
4748
-3646
1359
-3475
-1377
-289
3635
-885
-788
4048
-1252
-2482
-1911
3385
-201
-3613
-305
-4400
4167
-3750
2094
3025
4441
-1562
-2835
3778
383
-3282
4898
384
-4068
448
906
4472
3723
-3131
-1930
-702
-2404
3872
-2589
2935
-3989
-3328
-3372
-4877
-194
2324
2158
2661
-2244
510
-2752
2932
1461
-1984
-1652
-1060
4433
659
-1802
2726
-2535
-4345
-4631
3893
4636
2165
1424
-4692
-1217
-4528
3352
-882
3765
41
1839
3293
-986
-1742
2616
324
-3329
1466
3343
-3616
2837
1463
2291
-4663
-2281
-4734
-683
-1042
-1696
-4180
4796
-2130
4022
-1521
-3262
2883
-78
-385
1918
-3559
-2084
1711
3902
1533
-2782
-2049
-3647
2160
-1899
-3421
1215
3531
3424
-448
4662
2940
3781
-3697
-4510
-4290
-922
2964
2119
-2393
-915
-2648
-1554
-4181
3001
1570
-1798
701
4517
1540
2886
-2234
-4602
4097
-4003
-1458
4209
2653
2469
2935
-2185
3965
2840
4538
-2385
3038
-4207
-4391
-1330
4449
-912
-2573
3685
-3309
-4886
-3770
-2698
891
-208
4974
3460
-2835
1385
-1573
4775
4060
-81
-862
-3767
2524
227
2842
-2480
1108
3710
-298
-1736
-702
3478
4418
-835
-2439
-4903
55
-2735
-4122
-471
-1719
4752
-1039
-3597
2271
-3698
-2322
1949
-2382
3288
2130
2300
2654
4704
3219
-2513
-825
4463
713
3100
517
1046
4160
-3291
-1393
69
-2273
2119
-74
-4713
-1085
1646
-4088
-4664
-475
4648
741
4629
-390
293
3006
4718
-2455
1271
4713
74
1191
-644
-3311
3847
2830
581
4667
-661
-244
4243
-4013
1629
4360
4157
-4332
154
2607
1056
2871
-2732
3949
1907
2675
2685
135
-4811
-3213
1708
-172
-458
-1499
1226
-1796
2895
-1250
2412
-3207
-434
155
-2099
4250
-3198
562
119
-4121
-1664
-2089
-3
1022
2416
1338
-3848
1228
871
1470
-3236
-4729
4145
-3899
2375
-1864
-422
-2922
869
-1242
4618
-2447
-1373
4093
-1829
-2615
-3314
-1842
-3896
4912
471
464
2148
-3744
4309
3220
-4173
-1739
-169
-3642
-1527
-2199
-2907
719
1165
-4329
-1071
631
-3318
-2351
-3072
-1832
-1822
141
-2417
4990
-1921
2058
1603
-1333
4168
3136
-191
4231
-3892
-2058
2023
-156
2878
2045
-4923
-2881
1149
3881
-2564
3235
3950
975
833
567
2024
186
4461
-3224
652
-2296
404
2689
-2993
-110
-1520
-4586
1094
-424
-2374
-4047
-131
4714
-4507
3107
3027
-3868
3479
-4436
1654
-4143
-1996
1798
4118
800
-1928
636
-3591
2484
4529
4808
4539
-283
-4345
3129
2687
1332
3961
-4797
1366
4443
-4202
-2432
-38
4227
-1308
-4363
-2312
3887
-832
-2080
1273
774
-1085
-3251
523
-3314
-3604
-568
3872
3348
2640
-4868
-813
1368
-2852
-4134
-1310
-2956
-4846
2774
-436
-3011
3479
-4421
4777
467
488
-3762
2624
-4349
2228
-3504
-887
-4677
-2229
1292
-3600
941
-3807
-159
-4814
3021
-4098
3962
-3832
-1467
-843
-4839
-4579
4439
1615
4978
3661
178
-860
-3533
-4372
-4002
2133
3697
-2896
-1838
1112
1758
2203
2677
3329
-4441
-1207
-4943
-3974
-470
3907
-4605
831
1333
-514
-3025
-3848
4040
-4349
4033
4196
-2644
-516
190
1934
430
-1289
-407
655
-604
-4726
-2079
-208
-752
2675
3944
-1303
1282
875
-4114
-4645
663
2327
3820
-1209
352
-263
-4548
3705
3038
1578
4037
-4588
4248
-1700
2837
347
3471
-4960
-3384
-4359
2297
4035
565
4990
3833
-603
-3241
615
1728
2888
4920
969
3485
-4623
1513
3977
-3776
2286
-1553
2027
956
3716
1240
3029
1178
-781
4811
-3601
3338
1128
-1554
4633
1109
-4976
-3120
-2919
-3906
-2364
1206
-1729
3062
4229
-2909
3543
-2641
917
-2783
-21
-3128
-4384
-3412
-4846
439
1317
-819
3273
-1930
2821
-859
3596
-4284
-3146
-4529
18
4235
-2316
-2456
-3406
-3006
3989
-4294
-859
3800
1319
4564
-4919
-4319
4201
2869
2399
4158
-3469
-1673
-2525
980
34
-87
3750
271
-4044
-2635
-2375
-4928
-2292
-1696
-1689
-1343
1859
4623
-2897
4681
1227
1863
3421
-662
-1503
3693
2964
8
4255
2876
4779
3044
1883
2132
2129
-3401
4879
3872
-498
2986
4261
256
3607
2114
2335
-1083
-2835
-1511
-2991
731
1011
-1369
-644
352
1835
1744
2951
-4909
-2420
-1002
4444
-4728
-495
-3105
4316
3591
-2303
2034
-2528
2516
-282
-821
-3347
4570
572
-1266
-941
1761
3001
584
-126
-2225
-173
-4079
3753
3882
-3374
3805
-1107
3210
4675
1169
355
141
2966
-4813
-4390
-4267
-2298
2667
-2104
-916
-526
1574
-3409
-841
3436
4969
4043
3048
3661
-1006
-1109
-4882
178
-567
1417
-1512
4984
1046
1304
-3546
-464
573
1049
624
2174
-4412
1210
4256
4756
4709
4364
3866
230
1902
-897
-180
-4166
-2090
-1556
16
1694
1882
1646
4638
-283
-2746
1582
-802
-4353
3407
-134
2092
-3180
-3716
210
-2348
-1795
2101
-1298
445
-720
3716
1135
4898
-4634
600
4449
-4613
-3174
4521
841
-2598
768
1766
721
4370
3231
345
-2035
258
-1108
428
3289
-66
-603
-3292
4433
2814
295
-2549
-628
1008
1101
-3923
2486
-2231
3526
-4487
4841
3385
-2496
999
-2281
269
3655
1976
-2713
-3907
-3932
-4936
-3543
1733
-2188
1504
-4296
-3647
1078
-1496
475
-4366
-544
-1046
-889
3581
223
-1181
-603
2595
-1927
1986
-3957
-3893
-1230
-2206
170
2266
2534
-1787
-1500
4469
1289
4902
1607
-2146
2153
1408
2507
-358
4828
-483
1396
4643
-2788
1334
-301
1993
3051
634
4175
-829
-4011
4682
3788
-1997
-1807
240
-410
2952
-3853
1728
-180
925
2369
-1177
-2389
-4626
-4784
1952
166
-4165
-2678
-4618
-97
37
-4130
3843
2149
-106
1557
2038
-1383
-3283
1116
-2749
2367
807
2387
373
-3234
-3095
337
-3217
-4157
1801
-367
3424
1865
-916
-4931
548
-4659
4938
-4411
951
593
3774
-1748
-140
415
-439
-3040
2284
231
726
2388
-1934
4391
-39
4123
-236
4551
-1759
-1037
-3100
-4066
2188
-596
1684
-748
170
-3756
1391
-2844
-3335
2704
-2588
-1555
4895
-4568
-3794
4471
-809
2704
-129
3757
-3710
-1025
-2405
-3622
-2161
-578
-96
2164
3285
3742
3636
2960
-3268
-4746
-3641
880
-2868
216
-3753
-4864
2942
4495
2210
-135
-1346
296
3173
-2609
4290
57
1699
2510
-524
-2158
-3582
92
3803
1151
4544
-1510
1464
-3785
-1261
-3172
4364
-4508
-2611
-3741
-3273
831
4206
3940
-4549
-3625
3843
3623
-3601
-2786
4269
-3731
399
433
-531
-386
-3999
-15
1115
-417
1875
4482
3221
-2995
-2113
2288
3284
4776
-2832
3561
2059
-1841
-529
4988
1049
-828
-58
2939
-3234
-4709
4533
367
-3447
3620
-3741
1145
-1760
-2701
-2868
3536
-967
-3176
-1111
-3844
1221
-1248
4142
4446
2909
-2728
-3044
-4118
2692
-4615
-1305
-4430
283
-12
-1839
4048
212
-1254
-4683
-993
815
-2919
1008
2359
3312
-3105
4650
-4317
-831
-4260
-3261
65
-3741
-1160
-2744
-4539
1088
4446
4900
458
3708
3636
-4077
-1434
2970
-744
322
4617
-165
3992
-2446
4194
2337
-4050
1836
4078
2785
-4858
334
3214
-3609
2126
-2317
4883
-2061
-903
-543
-2807
-3502
847
-4644
1293
1496
885
-3720
-2851
1800
1204
-1156
2650
566
-2535
-1695
2348
563
2505
2953
419
2088
2958
4509
-1771
-3634
3730
1983
-1975
-646
-218
-1074
-4642
-2394
-352
2744
3576
-950
3296
3866
-2887
1386
-419
3442
-776
3225
-1344
-1994
-1487
-1589
1788
4077
4057
-1224
3337
2763
-3877
3836
812
-3158
-252
3339
-3484
1347
-2376
3234
-1868
732
-1809
1801
2136
-1204
3871
916
3174
-614
358
473
162
1204
1973
-2229
1837
1179
-1100
-1643
-4757
-3814
-314
-3949
-4080
2136
74
-4662
-2921
4211
2138
1976
-4785
2717
772
-986
2178
819
-2845
-4278
-4510
2503
1657
-4312
-1486
-113
-2197
201
-2337
-554
-2599
4980
-2422
3569
-72
3336
1443
156
3966
2812
4498
-4429
1274
3261
-3403
-3635
3613
-2793
146
-2830
-3671
1215
-905
-1699
372
-2580
-2378
1356
-983
22
-2442
-4188
3387
4903
-1688
-4782
-4137
223
-2681
-436
4725
-3341
3530
2838
-4198
-155
-4278
2289
-1410
2911
1003
-2994
-4699
1272
-3191
-2160
3884
-3111
2047
4222
-3471
1801
-2249
40
-2225
3892
2633
2257
-1819
-3717
994
-4069
2130
1077
723
-3967
1456
180
3186
-3347
-838
146
3346
-4390
-2902
-1959
-4198
419
-3581
1058
-1692
-102
-408
-2475
196
789
616
1167
35
4163
3767
498
-585
141
-390
-4698
3408
4727
4286
-4131
2770
-2907
-123
4420
2762
587
-2898
3366
-1569
-3332
-1328
-1365
-1161
4916
-4061
-4675
611
-575
619
-1909
4872
-2948
1409
-3866
1386
-138
-192
264
-1498
-1507
-1719
-4651
4285
1630
356
1562
521
4180
531
-942
685
2094
-3532
-4584
3853
3199
628
2502
2342
4207
1947
2475
4108
3855
4567
-4612
-1553
3338
2008
-2863
4825
-2602
-107
-1936
-2489
-54
-3222
2135
1169
-3366
-1409
2306
887
-3555
-3066
4317
1401
2944
4480
-4380
-3165
339
252
-4138
2996
2545
61
4791
-1318
-1987
2295
1604
-4644
-2105
-3162
3106
1060
-3154
1499
-4848
1942
3104
4276
2763
-4927
1773
3703
-3489
-2784
4266
-549
-1574
-67
4177
-4013
1005
3476
-1867
983
-4339
-816
659
-2416
-1738
-1708
516
3680
-3410
-1192
2543
2876
-745
2717
-3109
-1272
174
47
-46
2333
4673
3446
513
1833
1438
3017
-2243
-2109
2214
-3136
-113
-3527
-3744
500
-4016
-2200
-1958
3573
256
-4665
-2166
-4281
-289
-2192
-4910
3306
-1890
2653
4514
2037
3376
-645
3560
1887
1419
-3139
2994
793
-757
2000
-2220
4667
-3083
2070
2629
553
264
2738
4820
914
527
-2641
-2776
-4170
1844
-3748
1364
-4927
-370
-2648
425
-489
-3973
-1306
-10
702
1545
-1555
1979
-1485
-2529
-1185
3499
986
-4680
-3068
3888
-2027
-1825
2610
-2248
-2096
-74
4155
-3587
2327
2144
2099
338
2341
3855
-2707
3225
650
2343
1857
2049
-2729
2466
1244
4717
3145
4173
1651
-4544
-3312
-2641
4325
1684
-4292
-71
-3075
-1670
-4989
3385
3153
-740
3440
-55
4266
-2049
139
-524
-4192
-1724
2145
-839
897
-548
-1696
-585
2333
-117
305
3817
-2383
1190
-4829
3131
-1826
3991
-2304
-3798
-3898
-2369
-290
1547
-4173
2523
-524
497
3204
-4865
-4618
-4446
3284
4622
-736
835
552
4076
-4869
4255
4405
-517
574
-4153
1532
-687
-108
499
-3596
-3125
3126
-2858
4130
-774
1302
1008
-3418
2572
3911
-2306
-619
-698
3323
4492
-577
-2467
-3013
1114
1405
2468
-4675
-1556
1257
-401
-1131
3595
-103
-1674
-3798
473
1273
-3211
-845
-2846
-4156
-4064
3774
4541
1311
-2604
1981
4626
-3630
3241
-4194
-1178
-252
-1997
-1114
1010
-2382
-4056
1385
-4974
2923
-84
1416
1817
-565
1991
-2361
1537
-1598
-904
3098
-3408
-2992
4004
4891
-522
-912
-1721
491
-3613
4014
-4742
-4397
534
2662
-4363
1669
3295
3931
3484
-2492
-1130
-1360
4901
1212
2917
-1482
522
3008
4976
3603
-2758
1199
-3467
-37
-2406
3329
542
-3618
-3240
-2861
1396
3502
-2448
4317
-3219
-1253
375
4637
2998
2652
-2379
-2926
-3269
-4196
-832
-810
-2925
4111
-1933
-1256
1017
-656
4253
1462
3973
3832
3286
-4316
3674
4397
332
-3653
504
4405
4876
-2559
-2543
-1979
2189
-608
-1703
-102
3254
1862
2870
2163
-4561
-2359
1191
-2999
-1164
3812
-4143
2668
4198
355
229
-4164
1372
-361
3357
-2959
-232
-3514
-4427
-153
-4780
-4446
774
393
-2262
-940
-3
2777
3923
1989
-2677
-1399
2103
3817
-2858
4313
-1277
-2680
-372
3693
-4967
-198
-1177
-134
-143
2543
-4
-2435
4365
-2744
1230
-3527
-293
-3675
2591
-4293
403
2220
3287
4875
-2640
1219
2301
561
-276
1194
4258
-4158
2595
3128
2413
-922
4922
64
1041
4279
-2984
1551
-3670
4887
-1294
3877
3398
-2050
37
3726
-1647
2639
-2596
-2708
-2871
-3658
3090
1107
-3215
1953
913
1984
-3344
-2328
3689
2583
-551
1610
-3572
-3576
1093
2485
-4154
-820
124
-1422
-2550
3314
-3581
-2133
-2953
3328
-3120
3417
-1591
-3768
-2167
-4082
-1636
-3942
1946
-548
-2852
1648
196
1376
-1449
-3862
-221
-3345
3236
-1883
2472
-3589
4237
-4038
-330
2593
2456
4481
-3880
-4781
-4268
-2479
415
-2611
286
-1451
-1639
-2442
3442
-1844
-644
2933
-4577
-4276
-2061
2381
4083
4036
2335
3639
4742
2013
3103
-3734
-125
141
4618
-3142
-2991
4264
3241
1050
4224
-1182
3826
4191
4286
-4299
-4529
770
-4791
-1812
-4564
-2751
-1793
-3222
1583
-1612
3777
-598
2771
-2761
-474
-4172
733
-327
-1973
136
-2257
1103
729
1034
-2726
-4891
-769
-678
3710
1986
-2386
3934
-2819
4727
-812
-1537
-4962
949
-417
3661
1406
-3864
643
4992
-3360
-2749
3991
-1204
-2059
-2903
538
4863
1207
3045
-3133
4923
-4625
823
1782
3675
4758
2604
1890
1955
-4759
2440
839
-1960
-1435
115
-1659
-1815
3122
-3667
-4305
-2119
4413
3567
-1057
-2710
-595
3808
2179
1288
-4474
-4016
-3355
-753
-3844
-4299
-4216
4649
-1137
2687
3294
2584
1701
4938
-3802
-2003
-1770
-976
2659
-3182
2305
3288
3928
-1366
-3525
-3809
2272
3427
1351
-2671
-2742
901
-607
-1020
689
-4966
3013
-766
-4055
-2358
2301
4449
-4043
1137
-1401
3872
1670
4639
-1212
-4896
3630
-1971
-1571
-4468
-2253
2055
-3807
4951
2286
1322
-3079
4113
-2637
4251
4076
3749
-3556
1297
-2130
-2830
1342
-2208
2947
3380
684
4003
-2846
-1410
-358
-2907
1876
-4825
-566
3580
2012
1022
-222
-3933
4848
603
4447
4451
-746
1715
-1709
4397
4090
1303
2681
-4426
2699
2218
1865
-1281
-2538
1917
-1193
1248
-1687
4345
550
257
-582
585
3754
-1563
-4160
-4783
-3349
419
-769
-1666
1446
-1102
-2351
2892
-1763
-1584
1504
-914
1054
-593
4976
4893
2209
4829
4729
-2768
3946
-450
114
-4091
639
376
-1127
1865
1332
-1861
239
-2615
402
-3909
3808
-2746
3046
-405
3344
2495
4229
-4872
-4303
-4979
3677
4079
-847
3504
-4921
1580
336
-3007
2681
2672
848
-1324
2648
1262
3781
4861
1274
1954
-276
-4805
-3751
-3458
-2697
-3259
2100
-1325
-1642
-2768
-2065
872
-2430
3002
-2245
2106
2066
-3018
-4399
-4320
-1871
1828
-2409
4026
935
-1172
3013
-4042
-1021
2855
-4255
1870
1802
1179
-106
2241
-1543
3377
-1693
-356
-3337
-4604
1600
4213
3798
2583
-3636
-876
2472
-4092
-4238
-3105
4557
-4243
153
1504
602
-3615
1178
5
1110
173
2765
4531
2703
2075
1180
-2024
-166
268
-775
4492
2071
-4066
3355
2339
-4462
-822
4387
-1310
2885
1916
-2530
-2933
235
-2896
-3997
2502
4383
2854
828
-3634
-3485
833
-1967
3606
654
865
-145
1686
-2835
-3173
-984
-554
-3447
2898
-987
-2667
825
-2491
-1274
-1578
2590
-235
3769
2520
636
-4640
-3591
4737
-343
-2817
-418
-4266
-2882
4088
4514
505
-4854
1809
-2988
-2160
-3258
-2702
677
-4578
3
3701
-416
-1392
-464
-659
-3513
-2698
-569
-3040
-4168
971
231
-3101
-1538
4675
2956
-992
612
-1503
3690
-2154
-2732
-4462
233
-4658
2142
2329
2810
-1899
-2924
3480
-4296
3819
-4718
-3848
-2422
3398
-789
533
4661
-3132
3774
3704
-4114
-3493
2424
-126
3836
3855
3667
-2638
-996
1679
-2757
-4348
-2674
2332
-2367
1911
-4979
4616
-3719
-3144
-2756
-3882
-4754
-4528
3644
-1260
3318
279
-4502
3970
2176
-4221
997
-4930
-3159
3521
-4307
3869
4365
959
2823
-2409
-885
-4685
269
-1680
-3694
-2004
1170
-3089
-4297
4227
451
-659
-4359
4173
2361
-613
4699
3840
-2773
-96
4016
-257
-4879
-4098
-1882
4644
-1261
-1376
1960
-1095
2320
-4910
919
-605
-4678
3341
2611
2972
3646
1262
-4876
620
2865
-1503
2405
2930
-2570
-305
3184
4996
2061
-4831
2964
-1679
-2843
-1136
-4846
527
1554
2395
2664
1383
1498
-1516
1508
-3527
-1047
919
2411
4652
-2364
-4920
290
1318
3770
-4632
3448
3637
1031
4628
-4265
4680
1186
-22
-4977
-3987
4982
552
4659
3031
3166
563
-1265
427
-3015
4833
-4106
2391
2302
755
2763
544
-4375
-1293
4581
-2121
1890
2678
-1802
-4408
-4897
-4755
-1420
-1666
-3712
654
2054
2374
-1496
-1382
1787
3470
-1829
731
-4157
-3590
2963
1420
3137
-3997
-2083
-4827
2056
-2580
3776
-1407
4771
-3677
3517
3901
2817
-4913
-2046
-1728
-4627
1788
-1159
1522
-2516
-1199
1998
-4310
2143
3162
-3971
4728
-168
-2809
442
2939
-4231
1504
-230
-737
2983
-1053
4606
3831
382
-3508
3712
4868
-2497
463
-2667
-2769
2388
165
-3005
4233
3893
641
-3780
-2452
2754
-178
-247
-3732
-128
3527
-4190
1024
817
258
-1063
3848
3020
1322
-474
1370
2555
-4521
2653
44
259
3260
4236
3072
-1057
717
3872
-4713
1845
-4485
3320
-3693
2778
4222
-287
-498
-2495
542
-4512
-272
-466
-787
-2850
3073
-359
-4796
1581
-964
3806
-1559
1289
3451
50
4714
3178
2709
-2448
-3063
-58
3697
-3999
-4925
835
3269
1161
-946
-454
-4080
-1586
-2529
791
-1120
-204
-250
3437
1184
-1548
-2586
-2074
1842
2827
-3691
-1512
3317
-3570
-4228
4148
-3757
4715
-1653
3032
-3158
4363
-3251
2835
-3099
-1372
-189
1640
-554
-4629
-2065
2556
-270
-3737
-1473
266
1224
640
-2012
3318
-3904
3573
-2753
2207
413
3965
-1193
3725
-3442
2390
-1127
-3943
2006
-3302
4332
268
2118
3103
-4833
4032
-1052
-419
3890
4082
-2453
-566
526
-4391
-2626
3345
-2878
-47
-3206
594
411
-800
-3513
3251
-930
-2118
4890
-3565
1829
4287
-4022
-3233
1141
-735
2125
-4322
328
-2428
3519
-4105
3883
2078
2031
-2814
-1194
4511
4757
2876
4643
-4646
-1773
-2428
2637
2528
4616
-4350
4327
1246
-4869
-601
2549
1261
4922
-4240
-1381
551
1550
20
-127
-4551
1531
-995
-3377
-428
-863
-3037
1739
3742
-766
-796
-1572
2149
-3887
-1536
9
1252
3299
3824
2467
-194
-1307
3926
3980
-4122
2441
-1408
83
4097
4718
2454
-3730
4052
-4838
-957
866
-4121
-1977
-3199
-1151
-261
4664
3181
64
3191
-713
1977
-220
2382
2348
-3088
-3767
-4387
-3781
-444
-2785
-784
-2341
-4141
3569
1108
-65
-3704
3299
519
-1294
4638
3191
1244
3044
-4880
-3988
-4022
1915
-1317
-2556
-492
2920
-2427
-1071
-381
-56
-2266
1451
-3312
803
4740
4992
3454
4452
-386
760
-381
3382
-3138
4324
1768
3287
-2047
-605
-3226
-1829
-525
4544
2560
4528
-637
-2564
767
4009
3990
2131
-2952
-3110
3015
-3026
1626
-1009
-580
132
2164
-1191
3972
1373
-2701
-986
-2916
-2763
-743
-1940
832
-3398
-4599
-2718
3135
-1982
2655
-3062
1144
2779
2221
4735
-2463
-1744
-2145
-3497
-1802
-107
3184
1413
3886
-4000
-810
3566
361
-2732
4216
-2875
-4315
-4805
-1120
-2171
1168
-3841
4491
-309
2376
-3515
1164
4894
-1490
2582
-4767
-2724
-1815
3436
-2930
1826
-3769
-1195
3605
-4217
-4626
-3513
4424
-1178
-1583
3776
2933
2694
-1330
2137
1999
-153
-2332
3607
2173
1563
-1102
2077
1996
-2513
58
3521
-1376
-3627
-3500
-855
4728
-704
3775
-350
-4466
3178
-3646
-4675
-2898
-523
-4575
-2761
3038
1324
539
3283
-3796
1621
-4336
2261
2630
-3913
256
-1506
2145
3138
1615
47
-4515
-1122
-3516
-3140
-3296
675
3009
1487
-2753
-1550
-2036
-2506
4236
3984
1148
2330
-2536
-4083
3536
-531
-1847
-2092
-4087
4687
-2201
2353
2711
-3796
1569
-1735
-4207
-107
3645
-2597
-4386
-3350
2460
498
993
3778
-181
4851
1378
-3434
2102
-3302
390
-4272
3367
-1653
-4448
-1781
2364
471
1729
-2217
4519
-4290
-3445
2603
-3666
3307
3700
4807
1475
3664
-3674
-2938
-2386
-1746
-781
-2628
-3961
-2607
-155
4834
2736
-569
132
2267
1150
-1077
-160
545
456
1618
1822
-1407
-1225
4113
-608
-3056
-4194
-4679
2141
4008
3700
513
912
708
-2100
2318
3292
-3932
-762
3936
428
1260
-3682
-3268
-328
-2689
-3839
4626
548
4484
-3792
4154
-4893
3602
1054
416
10
3870
-797
3225
3919
2877
2675
-1871
4351
-2504
-2743
4963
4686
-2724
-1412
2436
1002
-4006
-620
3068
4537
3634
3126
-3934
1008
-2938
4730
515
277
-3010
3262
-1106
2092
2537
-2605
-4033
926
3290
-2219
-1914
-392
-2794
-3767
1139
880
-3912
-2162
-1503
594
-4849
-1914
4684
680
2614
-402
-544
-4856
2061
2025
1967
4647
-1271
-2437
-4993
-2421
-2827
-2415
-2898
-2497
-2446
-1602
3330
863
-3933
4527
2673
-3389
3742
512
4618
2169
-1233
2744
-417
2459
-3825
4863
-3520
-2961
1740
4081
1588
-4947
-3770
-3894
-4250
-1077
-426
-3248
-4166
-588
1162
4176
2395
-792
2673
3025
-1886
685
4192
-4027
1637
-3837
-2866
94
-4039
-1931
4115
3389
-2587
-838
-1177
1893
-2698
4379
298
639
-5000
-768
4800
-1754
4456
-4204
2790
2546
1411
-4665
2502
786
-1047
4977
-2206
-1006
2548
-2717
4769
-4932
3359
1578
-4189
-2757
-1627
-1379
-2957
3179
4920
-810
-776
3965
-550
1309
695
-2186
-1269
-3264
-1351
-2026
-4241
223
-3771
710
4187
3443
-4326
2202
-4868
4767
-758
-2505
2949
2430
854
2254
-893
-4148
-3470
-2682
2318
3937
4485
4120
606
2696
1424
1972
3607
1918
3016
-591
-1421
933
4882
977
-3333
2392
4970
-3502
481
-1271
4815
289
-4739
-346
-1362
2186
2338
4858
346
-1126
-2739
-1024
-3659
-2443
-1927
-1213
366
1219
-1647
4080
-2169
-2282
3507
-2899
-4847
-1193
621
3587
2070
-1186
-616
-2858
3763
3279
-2003
1781
1472
-3343
3528
4125
574
-245
-4712
2456
2924
2344
-4625
-3581
1621
-1575
-276
2621
-4359
-1527
-1133
2667
-4810
2828
1782
2136
3892
3504
3794
-150
4266
-2298
-743
1472
4768
3434
-3353
3671
2722
-995
435
-3044
-3603
-2332
1652
123
3449
1929
-979
4694
-4733
2975
-393
4530
-394
-2364
-1319
3691
-1915
-3633
-2074
4152
-2248
1864
2868
-2391
-1023
4455
-316
-3699
-1254
-4172
4259
-3776
-4564
-290
1180
2497
4910
-1593
1895
-4351
-4599
-4436
-1070
4679
-2332
2499
2091
2657
-4112
-1363
-2873
-3515
2930
2762
-2750
-3306
4024
4476
1443
3234
-550
3892
3099
-4968
1135
169
4427
-1001
-4487
-4009
-2673
-463
-3666
931
-4086
190
-4573
-2339
3743
2541
-4345
1038
-4439
2021
1034
-63
840
-998
72
-1138
2665
4876
-970
4273
1760
-999
-2664
-1542
-4140
1458
-1252
2429
1240
4490
3271
-2279
-2718
1163
-2871
-2506
-3159
-1741
-17
-1369
-208
4956
-3178
-257
-4231
-3254
-3801
-4255
328
2317
3459
4271
3669
3894
-4660
-748
2477
-346
-2179
-1779
2934
-3583
4119
3073
-4835
1122
1625
-1326
-498
3160
3516
-3476
-721
4830
-2872
4570
3385
-1239
2695
2872
-1148
-4262
-4268
2978
-657
-397
-2370
1004
-3624
662
-3793
-741
2510
4729
-2893
3456
-32
-3706
2664
2245
-3663
1775
3393
2048
4795
2718
-4698
-4700
-83
-4565
4924
3415
-4445
-2809
-3283
4607
4849
-300
435
-1131
-309
-4665
-4186
-149
4755
1926
4639
4553
3808
2764
-2296
2723
-2441
2700
1331
4023
-3671
4274
3076
-4109
3161
-1596
-2837
-957
3816
-3241
-3614
-488
3167
4990
-2801
-4108
168
-3683
-3674
-975
3081
3325
3327
-2431
2575
-4792
4255
-4447
-2957
-3741
1989
1191
-2037
876
-1692
1194
944
-3287
4344
4784
4150
2031
-3689
-798
-3506
-1964
3589
3196
2628
2124
387
-2911
-75
1584
-1498
812
-3182
-1906
-672
-2991
-199
-3111
1085
3265
-3034
3984
3003
-276
-2906
-2132
2838
1153
2995
-3517
528
4577
-4095
4267
-3878
1954
-813
4648
1730
-881
27
-1323
3017
-3123
-515
2113
3711
2584
-642
-3343
-4676
-2485
-4866
3012
-1986
4143
1071
3476
-4373
-2869
-3311
-1529
4146
-3606
-2500
-283
-382
3546
3721
964
3734
1536
-4546
-4640
3355
-4888
3300
2134
1120
-3254
757
-2849
4793
4313
-3769
170
-4688
-618
2144
2466
4616
-3247
470
3599
3023
-2929
1316
3464
976
1495
-4214
-1562
2690
-1818
-2718
3491
-2799
498
-1350
-4207
-1481
-452
4547
4264
2566
-3682
3925
3175
4244
372
3837
1740
2756
2088
-172
-2178
253
133
-2339
-2489
3673
653
-2854
-2096
-4852
-3082
-1925
-1308
-1681
-4769
3941
-2618
-4088
3536
3563
3231
-1336
3119
2988
2351
4417
-3521
3736
-2075
4241
-301
2416
154
4655
1121
-4727
-3097
2097
865
-1427
22
-2617
-764
-866
-3338
-4280
4706
-3672
-455
1896
-1541
-2014
-3432
-4302
4911
1936
-4410
-3800
1882
4392
-4271
-892
-2729
-386
4341
-279
-3051
-385
-1766
3083
-3881
1958
-2050
1400
-2315
1375
782
4609
1871
1270
-675
4905
-3598
491
3079
-4662
-253
3524
-1473
-1186
-39
4286
-827
1328
4535
402
-2557
-17
-553
-4192
150
2700
4530
2827
-1286
-4927
-4501
2737
-2034
4318
-501
4484
4855
2113
-3657
-326
-3759
-15
-3697
-4258
4464
4152
-2720
-224
-4236
-1414
-2936
4896
-2614
-4874
-2535
-1118
4943
4696
-3482
-210
-161
-232
-2437
3816
-1620
3555
-118
-2953
-1845
3203
-4368
1683
2713
3518
2918
3360
-501
3704
-3022
-1950
-4558
4614
4494
-1572
-3540
-3888
-4256
-4040
4967
-1086
169
-875
209
80
-70
-3752
1772
4403
-1073
-3455
3165
-1980
879
252
1043
-3709
2028
-2721
116
2996
1765
1990
579
3207
-2164
-2951
-3490
-3773
2481
343
2740
3951
-628
3458
772
2124
1738
1334
-576
-2718
2143
-3897
3409
-3610
2938
1158
-2077
4741
-4410
-1921
-4959
-4529
-852
531
-4660
3042
406
-2771
-748
-3982
-2833
-4350
-4023
723
-4490
1930
4891
-3341
1921
-1418
-98
1958
-4979
2029
-2278
-2642
-1276
3335
-898
-3929
3064
1013
-1276
-3283
-1157
90
-3904
4171
-399
4266
2738
1393
-3683
94
2667
-4191
-2680
1889
3948
2502
-3583
3547
537
1265
-1042
-4313
3853
-351
1584
4530
3255
1182
-2315
-3037
866
3427
-2042
561
-4333
1541
529
1254
3899
-4508
2177
4462
-4452
-770
1609
2747
-1879
3034
432
4777
822
-3577
3461
3177
1758
3298
-3372
-292
643
-1778
-3759
-562
271
115
241
4140
1450
4917
4953
-541
-2763
4656
4718
-2601
4866
3885
-3270
-4852
1479
2052
944
-2779
-217
-466
119
-1706
3952
-2891
2019
-3976
4596
-4806
-4751
233
-3377
3283
4736
-4818
-3577
3935
1277
1142
-1358
999
1207
-2773
3233
-4221
-3086
-408
-1399
-4602
-1961
-1486
-270
3192
-3368
-3996
-4311
-2722
3344
539
-3968
4135
-4775
-1574
1062
-2203
2279
75
4049
-1386
-2046
-2685
-42
-1041
-926
-2575
651
-4092
-4413
3891
2805
-1562
1895
1604
-485
1753
-230
2838
2875
2785
2065
4376
2682
4345
2300
-4668
-3433
2607
2347
-4568
-1255
-4049
-4772
3470
-2265
-613
-3662
-2310
-4826
-4364
3313
2912
-1395
1879
4950
-3392
-3132
1607
2996
-2193
2651
-3581
-135
3395
2983
835
-4897
3610
-3801
4084
-3330
888
-683
-3442
-2402
-1509
-2697
2207
3451
-4980
-4395
1030
-4319
-1083
374
2621
-2041
73
-2573
2148
-3352
-2460
3597
3510
-212
-3871
-4246
-870
1813
4226
1146
-4823
-3019
-3425
1736
-1802
29
462
2811
-673
2832
4971
4429
4335
2023
4180
2403
-4339
285
2404
2139
3876
-854
3690
1172
4544
-2259
1877
887
-1198
-2109
4846
2979
-2528
-4124
-3038
-4314
-3332
-4180
-565
-2825
1519
3335
-3430
2656
3458
-4026
-3902
-1062
-2631
-4146
3636
-4304
2861
-177
3747
-730
-3708
914
1603
290
3486
3036
-2141
1256
-1745
2623
308
1283
2756
-1776
2501
-257
3796
4291
941
436
-460
-3134
1748
3725
4423
-1139
-3443
-3817
-639
4651
1300
-299
2358
4670
-1136
784
3283
1653
-2874
2491
-4936
-1429
2730
-1132
2769
2780
3938
-1529
-2544
3544
1001
4173
1593
3904
-3188
4001
4922
2446
-1948
-2493
-1644
-4639
-4767
3206
-582
1765
2720
4548
-1083
-3935
697
833
2417
4666
-2249
3308
-4728
693
-4924
-1006
3337
-3990
-671
-3427
165
-716
4911
-4934
4342
644
-3971
2232
4363
-2186
3774
-660
-3356
-3477
-2970
-4830
-3353
-4875
513
1181
-1139
-3183
592
-2144
-2387
-1537
-3583
-2043
914
-2019
761
1450
779
1393
-3423
-2596
2735
-219
1866
-4693
-4806
-707
3839
-3875
4345
4852
-2858
-642
350
4628
1586
-4363
-288
4309
-3000
-3838
-3917
2893
3115
-1100
2127
2901
-4138
-2201
-896
2492
-4762
-1142
-2295
3012
3858
2654
1077
-486
1703
4795
4028
1108
4852
2493
2462
-4989
1935
-2069
-689
520
-2365
2776
3983
1667
-4585
-302
4708
182
-2645
-4072
2375
-1896
-1871
-1463
-1496
-4619
-1946
-24
-4577
2451
3308
-149
-2320
-1905
-4779
2546
330
726
-818
4836
-1044
4944
-2874
2053
-2220
-826
4345
1493
358
1844
-3507
4626
4181
-3446
-1192
-3283
3329
140
3628
-4662
-2691
-967
1552
2449
235
4729
-3747
-1215
-4921
-3920
-2110
-796
2477
1967
4084
830
-4104
-1159
1413
1999
-1353
1251
1439
4968
2926
-3563
-4466
-3654
3143
-4547
4823
1034
1010
3507
-3255
3552
-3216
-4922
-4977
607
3992
3701
3694
-1905
2069
2027
-2447
-4138
-1844
-4687
-81
-635
-579
-3977
4774
3406
-939
2478
-4282
3379
-2242
-1972
1068
2058
-2748
-286
393
4078
4740
1419
191
-4257
-4461
-662
760
-3816
-1880
4806
3602
1505
-3881
3954
3915
-4997
1051
3173
-763
3129
1407
-680
21
478
3034
4301
-4562
4801
-3771
93
1333
1149
1689
554
145
-1403
-3158
-589
-334
740
-2454
-3306
-2597
-1613
1355
4783
-2164
-3036
2469
47
4608
3067
-1280
2760
-2208
4125
4799
308
3986
1280
3033
-2570
3314
-1358
4549
4024
4826
3365
273
-3341
2401
4455
-369
-1475
1806
-2959
3661
1037
-680
2165
3887
4922
812
1530
2923
-3791
2281
-2187
-3279
3829
-3749
2781
2149
961
-1438
-1568
3467
2521
2110
-1772
-4803
303
-2343
-4619
2267
-1599
3169
1453
880
1215
801
2931
2238
-2134
396
-886
-3227
952
-1035
-1351
-2395
-443
4749
1867
2717
3603
-4486
-2307
1615
-2031
-112
-2027
1538
1722
-418
1074
2995
2085
1096
4878
-2295
-3302
-2051
-3969
-4828
1252
4660
1901
4130
3521
-4472
31
-2899
3958
-4355
830
852
2575
-2883
-4997
-2971
4149
820
-2308
2148
873
4260
-3807
3146
-4228
-4698
-3371
1628
-4447
4174
3216
-3737
-278
-1095
-4295
-4523
3087
-1530
-3207
31
-1427
-4306
3243
1920
2794
593
-2769
1153
-4889
3599
-3330
-3002
2815
335
1607
2196
4684
47
-1816
-4019
-3623
-1671
1528
3226
2385
-3953
1409
-3949
-250
-381
1964
878
-1586
4837
-763
-3790
4856
-2359
-4899
1319
2141
-284
1581
-179
-4079
-1565
-1288
-187
-4344
2168
4042
-2577
-2363
-2462
653
-768
-1762
-4296
1482
-3360
3659
-4254
1404
-4866
-3779
-219
-1776
-3663
1068
3528
-4120
-68
2969
4039
3536
-724
1954
4740
-1912
2705
3924
-1692
-1761
519
-2262
-1251
4513
2656
1923
-1173
-649
1327
2322
4185
-900
-1069
1567
-542
-1696
1807
-4869
4740
1238
-2414
2368
1709
-168
-2840
2423
4165
-406
-3668
259
2232
-1668
-536
-1173
-3762
840
843
1781
-1143
-996
-1963
3342
-901
2242
-3534
-1226
4177
4874
-2111
-3656
-3681
-615
-2641
-1481
2489
3211
-1691
2211
-1364
-3069
2363
-2421
2279
-2268
1495
509
-3927
1352
1382
4713
1016
2989
3318
4404
2683
2352
-3346
1447
3125
-1503
-3750
167
-1969
-3962
454
4528
4272
-4181
4022
-4981
-4085
-3657
177
2623
3365
-2597
-2552
-1885
-2526
-3757
-3546
497
-4580
-2193
-3851
-2265
-2978
-149
-4310
2983
3683
-3303
1775
478
-42
1553
-4404
-751
3909
-2033
3536
-397
-3769
-342
337
-2893
-4521
-2331
4814
882
3709
3886
1150
3875
-617
4180
711
2763
-2647
-2618
3436
4760
1790
1367
-732
1950
-1191
397
-4685
4188
-915
2536
-169
-2994
3109
3488
4001
171
3200
-4265
3486
-722
4605
3901
290
-1214
-336
3779
-2896
4198
2206
-1545
4759
-752
-3046
3614
-964
-1394
-804
575
576
-2985
-2485
412
-977
-2352
-2601
-4660
-2059
-517
1589
2500
-468
4938
360
-2812
22
2257
-3160
-2019
-2493
2761
1442
256
-2464
3617
-2756
-3886
-2100
2479
-2621
-3796
-2424
2917
1651
750
443
3054
3762
-2221
-1793
4583
3097
-2336
2347
-246
-2224
-3242
-194
-490
3157
3224
-3355
539
-727
-3754
3593
1921
3639
-2505
4488
3992
3634
-4555
2190
2681
1786
-2206
2063
-2564
-3302
-503
356
1587
-783
-4800
4560
3923
-3830
2697
1070
-477
2507
3799
2153
-2914
583
-2355
1031
-462
4240
-4014
2659
-2278
1548
2673
-1770
265
-2765
2413
-3263
-675
787
-4750
-4519
3651
3839
4278
-4689
1385
42
-1265
-2933
-1698
-4244
2174
4788
-4442
4256
-4487
2191
-1110
2426
-2202
3810
-804
-2985
-4142
-172
-1848
4162
3826
3651
4949
3312
1073
-3423
3867
-4054
4217
-3845
-2257
-1163
-3139
-4249
3546
-961
1234
298
-4728
-457
-163
-3484
-3397
-1479
-4281
3657
-352
374
-4514
3980
3017
1484
645
1546
-1990
-793
940
1536
-673
1427
3114
-3175
2058
2525
-362
-600
-405
213
2277
3023
-2329
-3134
-4306
138
-2645
1762
-2966
603
-4550
-3508
1399
4387
3778
2469
2107
1737
-691
4730
1397
1066
1139
2224
-2321
-35
-2531
-3962
4335
2657
2964
-4540
4942
3862
1560
-109
-1824
2933
925
-4232
-239
-4115
-1649
-4706
353
-773
-3706
3599
4966
3717
-1676
3471
-2223
3235
-1428
3781
-3125
186
1917
2358
-2531
-922
1803
2288
2878
-2860
3631
2736
1687
-4871
-3947
3376
-1773
1651
-3405
-2607
3266
4698
4921
-3696
-3060
-2014
979
264
1091
3759
-1108
-2891
274
4933
-2995
672
210
-116
4995
-3684
-2293
2908
-2817
4107
1654
4091
1030
4157
-2111
4464
-4903
-2409
3980
-2925
-3617
-2164
2161
4035
-2530
4603
-3631
-3309
2408
-1772
3064
-2222
-1406
616
3394
-4331
-3872
3532
-2216
3556
-2788
-1671
-2222
-3938
2038
-1532
3153
-4199
-1611
-2987
-252
-1350
-2468
3126
-2233
-3491
1831
-742
4509
-1038
3204
-489
-3422
-2828
1071
1457
2323
-1561
-2074
-3675
-2871
-1571
859
-2226
768
-27
-840
-3928
-3803
-3790
3436
399
3102
3139
964
4034
-4780
-653
-2091
-4310
172
-4673
4949
-4431
-3581
-480
-2055
193
-1417
-571
-1031
2282
-4478
2078
-4832
-4050
-4927
678
2848
-595
3380
2814
-4782
3913
-98
4146
-1701
3221
-1845
-2965
-1174
-2625
-591
3520
-179
2118
704
2986
2339
-950
4371
4547
4397
-3233
-3128
2265
-2498
-1779
3228
3428
770
1544
-3697
4946
4074
-4713
-4617
-1620
4709
818
-3151
3959
1098
4509
3458
-2903
-3967
4795
3067
1285
290
2849
1003
-875
-154
4617
-3010
-3117
1386
-1281
-45
-4108
-1247
-2260
-1428
-4047
1225
1772
4366
2052
-1466
-3330
-3479
-3717
-4102
-1608
385
-1508
1302
-2828
-4086
2678
298
3066
51
4879
-4280
-4389
-2119
3599
-3113
-1464
1404
-3992
3059
4493
-4546
4896
2402
558
3111
1085
2146
780
-1529
-1715
4829
835
195
3422
-626
-1965
2896
-1184
1086
-3783
-3218
4421
-4361
1770
-3285
1922
-3574
-1780
3337
-4506
3099
-512
-3479
-4637
4250
-1377
-1834
-83
-3043
2976
1535
4846
4872
548
-3156
900
-4785
3150
4338
1752
2914
-926
-1071
684
631
-3335
2394
4352
-3114
734
2558
-2576
-2755
2585
-3390
-4066
4244
4245
4031
583
-325
3615
-2683
4773
-1345
893
-4400
-4463
-277
3577
3779
3378
4395
4425
1536
4711
2092
-4387
3145
2780
-1904
-1404
-2703
-2292
3677
3210
-4836
596
-2971
-1118
3349
-2432
-4592
-276
-1682
2148
3765
-1724
-3630
-4535
-1480
-457
-2537
-622
-4435
3794
-2177
-2455
-3158
3289
637
2907
1259
-1104
-3644
2269
-4737
3401
-2325
-2966
1568
-4821
4973
-710
256
-516
909
-1616
3999
-1749
-3161
-4752
3784
1564
3058
-2501
4571
4225
-1855
-4920
1766
-3999
-1911
385
-3540
-3977
748
3783
-2409
762
-4620
4051
1066
-60
3611
891
3455
4978
4727
-4851
-1424
4967
-61
2650
-2415
-2755
1321
-2366
2634
-2439
-1508
3224
-1086
-3334
3825
4977
-2586
510
-4019
3999
-4374
4368
697
-4891
54
-4078
4643
6
-990
-494
4207
4334
3292
-4371
2762
4860
-1738
4381
766
3386
3309
3792
-1038
4267
-877
-2729
-2935
1856
-2002
4631
-4933
-745
-134
4367
1056
-1023
601
3190
2408
1950
-421
2353
2073
-280
2473
-4417
2640
-3192
-70
-255
-2136
40
-4440
1352
840
2759
-2019
4044
1862
4562
-328
1431
-2535
3477
188
-196
-2611
4878
-3369
2007
-2816
-214
-1089
4467
-567
-3250
2728
2082
-3576
-1996
1651
-2180
-2472
2256
1265
678
1761
-1202
-3339
-834
-373
2394
-265
4146
-3828
2476
4724
4730
2898
-3506
1011
-2968
-2483
1899
-2397
3354
-2173
-3419
-2352
4889
2471
-301
-4060
-4782
-1676
-3722
3561
127
-4861
-3626
-4899
-1167
-68
2173
607
4459
-1960
3024
886
4430
-2555
-4122
-4783
1293
-1453
6
2681
4428
588
2833
4162
3930
3937
-2263
-352
-2248
-2161
-835
3415
-4859
1072
-1822
59
4215
4237
783
1573
-3304
225
2293
2375
-1013
313
-1879
-2698
-3927
2856
4672
1462
4269
3575
-2794
-4619
4600
-3462
4922
3373
4129
1949
-2055
-2035
-1971
1645
2758
-1791
-2985
1667
-621
-2915
716
-1765
1247
1977
-4923
3187
-1380
2438
-2270
3774
-2533
-4289
1152
505
4151
2394
3766
3285
3659
-4066
1362
3315
-432
607
859
-2290
-4554
3300
2370
417
-674
1306
874
3753
-3485
2113
-3007
-1195
-3485
-3772
-4982
-3365
1725
-4650
-2375
2244
-4775
-280
-214
4375
-4850
-4505
4094
1060
-3948
-4302
-1853
2758
-1209
-1767
-3634
4859
4260
-1983
-904
-656
-1085
4004
482
-299
-1039
2485
-2057
1537
2633
2609
349
-114
-3729
-4751
-442
532
73
348
1993
-1260
-374
3097
1848
-774
3243
4834
4671
2742
2120
3365
-584
-3292
2357
2692
-1603
983
1579
3772
-2069
-1356
-557
-1582
911
-2934
1454
-2519
-4864
3264
-2561
1873
1064
3495
357
41
2240
1759
3704
-363
-2601
-2731
-3985
2090
-4177
-4535
-2500
2454
-2475
3069
-1211
-3586
-2229
-4998
-3792
-2641
2275
4429
3770
-3675
1834
-481
2228
2442
3966
4434
4586
3926
-4994
4918
-2863
-3723
4301
-3428
-1299
2006
-4910
1714
380
-1809
-3842
-1523
322
30
1115
-3419
2866
394
-2034
506
-1114
-3415
-4103
-1212
-2308
-725
-3984
2200
2333
-3245
-2267
4086
-2070
245
3458
-3009
2245
2890
-621
-859
393
2609
1085
-1318
4920
-223
671
-854
143
-3847
4995
-2555
-201
552
961
-1052
4411
-408
1137
-3171
-3679
628
4378
-1902
1623
3099
4780
4819
4956
3645
2903
-3884
2168
3858
-4555
-4279
3848
-4182
3387
2461
-4134
1759
1415
-4014
-3167
-362
2310
-4381
-315
-4763
-1099
3142
-2725
-2402
2914
-3987
-4563
1721
783
4555
-2859
4801
1873
4403
1515
2724
-1541
3180
4313
3742
2434
3442
-3145
2207
-2387
2454
2919
520
-2900
3909
-1041
-3978
-4703
-987
1775
2325
-1889
4684
-3778
-251
2845
2795
2246
106
-2185
4936
3384
-3491
-3726
-4551
-4611
2080
-166
-180
3994
1183
4938
3236
-1314
2210
-3978
845
-3236
-2049
2568
-1519
1792
-1716
-602
-1309
-192
-1486
429
-4888
-3056
-4643
2156
-4939
-702
-4704
-4497
4
-1560
3605
3173
48
2999
-4174
-4639
336
-2454
-1545
-2582
2081
4288
3684
2911
-4165
-2269
-4168
1019
4597
-346
-2428
-2480
-2379
3786
893
3364
159
-1315
1248
581
1599
3711
-2624
2025
-1694
1890
-708
230
-50
-4946
-1636
-3653
1987
2687
-3751
4889
-2743
-500
2876
2802
1352
-2412
-3490
156
3302
-4506
1215
-1934
-1382
-3011
1123
1112
-4144
4918
-970
-4248
-730
-4896
-848
1950
4691
1791
-220
2460
727
4909
4866
3579
3566
1086
1053
1471
-4178
462
-4602
2117
-513
1945
-3497
-4341
3754
4838
4636
-612
2986
-2559
2763
-3576
2703
1604
-3836
4748
2610
-4767
1572
-3390
1203
1503
-1388
-1848
-2322
2222
1806
2437
-1876
-296
159
3582
-3675
-4026
3144
2308
2867
4941
1454
-4809
1729
867
2498
-1349
4035
-366
-2757
-3515
-3776
551
4207
1538
-4455
3047
-1455
-3292
-3171
-912
-2028
-566
325
-2393
2941
-1221
2891
2803
-2074
1135
-408
2868
-1361
-1942
4378
-527
1104
3590
-652
4526
-375
491
4559
-1482
4778
4126
-3921
2923
382
3956
4096
2919
-4734
3809
2111
-2419
-3404
-2463
-3019
-1711
-4298
-1711
-4850
-1855
1170
4011
-2456
959
552
-4723
2711
444
3698
3045
-3723
4226
-2520
-965
1367
2238
4815
4507
2794
3192
1981
-3875
2652
4672
4968
419
3368
-3785
-1860
-3986
2889
2055
219
-1075
-3409
3936
-2578
-636
1567
-1168
-966
-75
2165
2910
4078
1069
245
2260
-1751
-4755
-4288
-2234
-1416
3779
-559
-2669
-3
-2363
2214
-73
-3237
3354
1724
-1542
46
5
4996
3545
2183
3246
-1886
2559
-4683
-3281
-2364
-2593
3344
4456
-817
-2751
3070
-3985
2628
-4281
-824
3752
2258
4986
3815
-1028
-4987
3014
4376
4937
301
-4210
3455
2022
2905
-1218
2743
-463
1442
-4053
-4473
1991
-3388
2841
608
2624
2215
2089
1988
1268
1724
-4500
145
1246
3411
3097
-4230
-1717
681
4215
-1930
-1793
-3858
3144
-478
-1051
-2331
-1358
4609
928
2964
2266
4148
-4990
-1061
-1649
1701
1368
-2270
3025
957
3681
4811
2828
-2970
762
-665
-459
2682
-2729
-2716
1487
4138
3199
244
-3542
1771
-2347
2873
106
-4678
-786
1660
-193
-4256
2692
-819
-4890
-1247
2390
-2988
-1397
766
-2215
-1786
4969
347
-3168
-589
-4224
-1509
4643
412
306
231
79
1251
682
-563
1578
-2533
-4119
-987
2193
-2803
14
3967
-1600
2716
1378
520
2925
-4015
4669
4380
-1727
4768
3816
-1195
-1180
4379
2048
-4623
3716
-2011
995
4706
2609
-3298
-2421
4719
4473
1501
1972
-2745
1067
-2659
-2148
-1643
-854
2974
2086
3504
-4944
-3172
-2198
362
2908
-2179
4413
-408
-3671
-1805
-872
1568
-1875
3617
-1337
-4898
459
1291
1137
3922
1653
1142
-2033
-4685
1137
3358
-373
-441
-2778
-138
-1833
1354
-2780
-726
-2730
-4421
-4482
2705
3211
3351
-2955
-1330
2332
-1267
1378
2726
1090
-4432
-4449
-1460
-304
3787
-4350
2055
4318
-3410
4759
-3115
-4239
2455
3882
-2679
-4184
3196
-4482
2591
2725
-2363
2780
-4255
4487
822
4923
738
-3328
-2998
1000
-2889
-2536
2603
4546
-3339
-2563
-4642
3989
-2394
4100
-2964
-1343
2086
4785
-1334
-4185
2201
-2610
234
1808
4543
4060
-582
4601
-337
-3516
-2309
-2706
129
4152
-420
1794
1592
-3044
-3900
2664
-2980
-2006
4655
4178
-4698
1894
-2352
3379
-3436
3918
2244
4371
380
349
455
-1217
4686
-290
-4064
-758
3954
3015
-2425
564
-2080
-4967
-4073
3828
1646
-1038
4927
4453
4068
2973
-1550
-245
-3717
4311
-3874
-4655
-3372
1007
-3254
-3247
4198
2425
3256
63
-2657
1710
2474
3922
-2005
2084
1345
-4369
-1678
-2410
-3712
2243
-3204
2240
-4769
2381
2352
-3767
-2469
39
-454
-4116
4827
-3553
3194
-4267
-4626
3606
2665
-4219
3232
-28
4455
-4446
1387
-2667
2656
3486
-3542
2852
861
-2750
4793
-4573
3222
424
-3064
484
2293
-702
607
2679
-2810
-1639
475
-3759
-790
-2395
3445
-1419
-773
-1786
-700
-719
1626
3965
2905
472
1124
-85
3449
2135
-3261
1523
1207
-3226
3888
1726
-817
-3218
-3321
-4628
3936
-4543
-61
-1807
2993
-886
-3096
516
-4188
3346
-1233
-3009
2039
-308
-2308
2899
1879
3838
2683
-2964
-2977
-3652
3241
653
3135
2115
-1169
-393
-504
2510
-3127
-2693
531
-2887
-4427
4602
1505
-3504
-1689
-4044
-819
4578
-2423
3509
1902
1576
-1440
4169
3129
-4340
4906
1544
-3805
1495
-4029
-4046
3091
-101
262
455
-2570
2010
-4848
275
3452
241
2097
-523
400
3349
2924
-3669
-474
-1720
814
-484
-4484
3160
-1093
-3487
4371
261
4196
2769
1607
332
-60
4695
-2071
-1308
-1350
3874
3582
-4220
3105
409
-4160
-2176
1114
-2951
-142
-3938
-1381
-2132
3441
-3095
-4511
-2200
2982
-4319
-3615
4369
4345
4621
-4435
-4084
1071
-3601
-430
-3695
-2285
2146
2797
1051
499
3250
4397
-3616
1393
3447
2292
2552
-3686
3552
-3000
3755
-2700
-1608
2022
1868
4080
-3544
166
-4100
1102
-3159
1833
-1140
-3104
3123
4703
659
-2217
3031
3605
3847
1658
-4938
1723
3068
3477
-2820
1684
4310
4813
829
-2570
-3379
-1407
-1046
-2318
-1924
4653
1439
-834
3318
-856
-3428
173
-4026
2237
4542
-2704
4865
-585
-774
4533
1018
454
-331
-946
1073
3726
2307
2077
3065
3054
-4214
-1813
-2156
-1410
4946
-2488
4174
2721
1115
-3636
2467
-454
2763
2540
110
-3461
-1870
1544
4959
-2775
-180
-4254
695
-4500
-2317
-39
1075
1042
-2289
-1981
-4349
-4558
-2629
73
678
4606
-1388
1868
-4300
4769
-4816
3877
2807
4216
1481
874
-1097
4590
3845
-4499
-4031
2592
-1533
2254
-3645
-417
2164
-2527
4854
-3437
-636
4762
3913
-3748
-1949
-1211
4662
756
3733
-3150
-4029
2833
4914
4941
-4153
566
-710
652
-890
-3575
-4599
-4815
3371
3663
627
3983
-1087
-3308
-3204
1882
-1601
-2857
-4426
-3529
-18
-31
-3272
-110
-4264
4678
2440
3103
3230
-4844
-4763
1112
2085
2072
355
-2684
-2721
849
-3309
313
-734
-1284
-3842
4169
4327
3646
-1761
3735
-3679
-3440
-422
-1779
-4153
-1148
-2307
-202
-4112
2855
2881
3046
2074
-1281
-2659
-1607
1943
-4397
1799
1193
3733
2633
2327
-3959
3464
2554
-1477
-66
839
-2910
-3759
-626
1983
-44
-1404
3744
-2600
3338
1925
-2621
-686
-2806
3461
1883
-4181
-2907
1821
-2491
1424
4633
3739
-1076
4781
-4090
617
-3676
-3277
-3043
-4197
-2572
-2859
-2205
-1131
-4831
-241
1286
2935
-2219
-2636
1303
-1098
-1810
-1886
341
-1128
-254
-1452
2058
-4965
4048
2836
1119
1090
1379
123
-3221
2429
2480
-3946
3480
916
-866
1254
3030
3745
-2043
-4171
-1415
2503
-3938
-1888
2046
3570
-3541
3685
-4117
812
2208
-2838
1364
2489
4638
-1641
4073
-2528
3745
-3534
-4244
727
-4881
4069
-2527
-4470
3984
1950
-3761
2503
-1107
-1725
1443
-279
-94
3487
2787
-4402
-2163
222
-1072
631
-776
4993
3892
2605
-2541
-4162
443
-54
202
-697
2143
-4005
1286
-4187
-2853
-2240
463
-1679
321
-500
4191
2206
2503
-160
-3454
-3257
-4709
-4449
2729
-4063
-1816
4765
-3090
828
2865
4809
-1214
3083
938
-4284
3490
765
4581
-500
377
-376
2106
-1014
3582
-4590
-960
-4491
-1539
2283
-3288
1312
-4028
1130
-2166
3463
3092
-4686
1927
-735
-4953
448
1852
-3758
3056
3332
856
-4672
2702
-1654
-107
-3776
1739
-3564
-1310
3501
-3519
4470
-4319
244
3180
-675
-4452
1678
-149
-564
-1069
-1189
2511
21
880
-857
-3402
-1023
2476
-2740
3425
156
-486
-4172
-1327
2528
929
3737
-1775
4860
4903
1868
-4915
-3552
-4632
2590
4928
4456
-3850
3630
-3989
3346
2075
-769
-1183
-4546
3225
324
-817
-4254
3027
-805
-2391
2711
-1804
3236
4080
-1197
1629
3453
3311
244
3789
3467
4677
3749
-1848
-345
4285
2608
3674
3762
-1336
-16
-1547
1574
3741
1346
1109
-4533
-2250
-4488
2549
2803
-3764
2073
-1285
-1373
3709
-2216
286
4302
-423
2224
-4424
4639
-2355
-4647
-2346
4467
1670
985
2204
-3904
-3929
-2662
1621
2662
-3258
3539
-2600
-3823
1904
294
3015
-1976
-1891
-3722
3073
-4699
-3266
-1245
1895
-3231
-3837
-2940
156
1291
2329
-1809
1413
613
-1440
-1352
-1120
988
171
-2189
3809
-462
-1279
-3945
-4297
-1991
-2864
2978
605
-4754
-1071
-1789
1980
-4913
1990
376
3997
4074
-400
4004
-1795
-2764
2910
2012
3018
3763
927
3759
-4358
1513
-2568
-288
1466
4957
-1870
-2847
-1020
-4361
-4694
-1986
-326
2600
-244
-637
1758
4660
-2038
-3286
4436
61
3365
4693
4527
-3827
3231
4148
664
-3520
-57
-748
-4866
-1925
-3869
-3131
-4841
-323
-452
-4315
-3276
4352
787
-3410
3938
988
1505
-2487
-19
-631
-1651
-1458
847
-482
-1770
3738
982
1851
-4688
-470
-2636
-2785
-500
3450
-4016
1303
-4209
-1931
2217
-156
-2508
-440
2619
871
4094
-4873
-1414
-3924
-682
-2549
-4837
-223
-3885
1847
-4413
4513
-1369
2342
1510
-1519
-1979
-332
-4175
3413
4513
4517
-4924
-480
-4240
-1851
1287
2263
-4609
28
-1955
-4079
2943
-3395
3254
-3731
-4339
204
-2242
3696
416
3371
3331
3978
2412
-1345
3220
2035
1507
-3005
2276
4327
763
-2839
14
1803
-4053
1736
-4269
1930
-3858
-153
-3106
-4815
-3670
-316
-2311
2116
-469
3425
-4792
-2453
121
3355
1411
1068
1304
3849
3218
726
845
-994
4832
-1113
-146
458
-478
1147
3986
-3245
-1887
-2559
-3912
4556
-2701
2124
500
2415
4631
-1021
2756
3116
191
1317
-736
-2786
120
-691
2896
-4250
-4971
3789
-1976
3159
1882
458
-514
-3955
4036
4036
923
1530
2726
560
4080
3982
2654
1764
-2064
3875
4566
-609
-4901
-781
1974
-4574
-4420
-4778
3862
159
-3144
4683
-63
-4196
-1194
2642
-3226
4884
2494
260
584
-821
618
2592
-123
1771
2201
4164
-3020
944
-2574
259
3095
3132
2694
-1240
4608
4151
1774
312
-3136
-761
1955
3213
-2085
-3512
-307
-859
631
-3639
4723
1125
-4846
-1821
-575
-4037
4835
3638
-1928
-513
4985
-4943
-2033
-971
-4399
-2066
3511
-1471
947
-120
-3764
1063
2443
-1302
871
-4737
2533
-3851
2336
-3550
657
-2579
-1855
1971
-1593
-3680
550
-740
-652
-1611
-511
-3932
-1774
3021
-2614
-2614
-891
1560
-2765
-2111
3490
-1480
2969
4680
1418
-950
246
-731
1812
-4330
-3580
3933
-4375
4979
-1780
-3614
761
2455
1372
4586
4043
-1285
-4633
-2632
-255
-3144
-601
-2951
2394
-1840
2861
-3347
-4351
331
4473
-241
-4158
2572
-4043
-4829
1293
2975
-3653
1644
-4093
1441
2856
631
3405
-4644
1928
-2489
-3635
910
3488
-4627
-3556
-4987
-4614
-2060
-3198
4105
2587
-4201
-4749
2725
-1551
-4736
-4473
-3708
-1896
-915
-2494
-444
-4677
-127
-4718
-2726
1960
68
-2008
3890
-2004
616
-4387
-1360
-1810
3209
997
4920
-936
-3712
-4559
-3658
-1041
-4987
-594
-2325
-3500
-4226
4475
-3595
-1502
1000
-791
-1926
664
2128
1883
-2303
481
-449
1180
-1059
-1826
4080
3519
3526
3110
1551
3266
-858
468
-4704
-1492
3885
-4514
2249
3365
-799
-1450
1997
-1771
3237
-3063
-1866
-988
4485
-796
-4626
785
-4565
-3497
4986
3278
-4494
-3502
-252
1113
1765
3740
-13
-3339
-3710
4722
3865
-1274
864
-4900
-4471
-1956
-886
4667
259
295
4103
4559
-307
-55
1239
-3355
863
-3319
2173
1070
-3845
4691
4900
-134
-3032
4636
3087
-253
4074
-1404
-4448
4583
-3873
3060
20
-1572
4056
4375
2026
-4696
-862
3013
-706
-359
-3664
4298
3255
2398
3175
1974
3241
-583
1653
-1907
-3929
-4388
-4577
-4002
-1527
2400
-2666
-463
-4027
469
-4747
-3830
3165
868
-3030
1594
1189
3536
2254
-604
-384
1290
1859
-707
3062
1204
793
-2467
-3452
-4307
4141
1122
672
-1541
686
3219
2903
-2713
717
2498
3812
-190
4561
2155
319
4870
1427
1545
-4511
-1577
93
3048
3519
-2536
1482
4901
618
1066
298
-4783
146
-2674
-2283
-2380
-878
-1556
-2295
-3777
508
4028
-3822
3834
1138
2930
2884
-3845
-4178
4679
4792
1512
2799
-2334
1617
-1884
-3391
-4523
-4006
-3275
4055
-3805
3038
3191
-2313
-2528
-3453
-599
-4158
-831
-1229
1812
4766
3859
-519
-932
-4798
951
1717
463
-1474
-69
-4916
2939
3429
3139
3983
1917
3448
1302
-4795
2931
-3024
2630
-1880
-2526
759
-2073
-1687
1971
2771
-1088
-2335
-3303
4736
1631
-170
846
-1079
-2457
4854
3451
-4685
-4651
4722
2454
-2650
4913
2042
-1594
4569
4063
3617
1506
-2487
612
589
-4665
-3723
2822
1629
-1112
1113
-771
1799
512
-2715
-1738
-3043
2035
-2198
-971
-2901
-766
1536
1066
3472
-1347
-4969
2605
-4057
-3789
248
3092
-959
-1002
4870
2483
-2192
4105
-1945
210
-4430
-1557
2313
4650
2552
669
1587
-2279
450
1775
-3095
-714
-54
3801
-1717
4574
-39
4021
-2405
-2067
-535
2106
-519
2760
4377
-414
460
4502
3734
3597
3551
655
-3188
4255
-42
-4707
-3815
-1035
4316
-2817
4778
1269
-3861
2061
4549
-4477
4822
-1291
-990
4368
-362
-684
-4490
-148
320
816
-2243
-852
863
658
2211
295
3731
-4399
-1104
3738
1861
-263
2942
2716
4293
1579
1016
1579
4643
-1922
-1024
2133
1527
1267
-3539
-237
1373
-1642
-4032
4496
-2832
976
4897
-3865
3746
2985
-773
2442
-955
-1845
-1856
3167
-1527
2578
4970
-2347
1475
-2080
-3840
-2492
4454
-4083
-2783
3970
2416
3355
-2880
-542
4371
3927
1451
1207
4975
-1108
-3702
-1737
4665
-2351
-527
-4854
1354
3651
2658
1570
-1225
4013
-270
-60
3624
3779
4550
-2732
2311
-1377
1642
2623
-1674
-1438
-2515
-1006
3805
4588
-3
4040
-1505
2375
3818
-2096
3049
-4354
234
-1043
-858
-4549
4313
278
-3854
2333
3034
2654
1801
-696
4174
-2017
2634
1383
-1009
559
-3139
4380
-2054
613
4414
-2440
-1673
-3468
4806
3238
3991
4230
4725
2914
2153
-4124
-4979
-3240
3832
1297
-2882
3990
2165
439
-1878
-2013
-324
-71
-4188
-4247
-1130
-329
2969
-3667
3418
3024
2027
624
-1552
-478
-874
685
-1180
2989
2561
1427
4627
613
2067
2269
-2074
-2314
-3408
-4499
520
3218
-1314
-3753
3765
4726
-4104
3193
-1408
-1893
-3570
-1991
-1967
3528
567
1494
-3206
-1084
244
3488
-2091
4105
1890
4276
-2740
1028
-4852
4048
-1324
1001
-2437
-4251
4902
-1916
2427
-807
3563
3082
-1797
-260
2308
1550
1600
4611
852
559
-3498
-2560
-342
-146
-1691
-3453
1726
2318
-3125
793
3111
-2412
-3508
-973
3111
-194
1091
130
4468
-704
-1228
605
900
2969
-160
805
1876
-988
-2157
-1104
-603
1994
541
3185
-3420
-3755
3163
-2007
-2044
-2592
4113
135
-103
4602
-3753
3435
-3212
3353
781
3208
-4970
3755
-4308
-905
-2589
55
2971
760
1205
-446
1274
2388
-2134
-1410
-3233
-2
-3637
-4259
4107
-2025
1817
-3357
-1625
561
4742
-359
112
-2933
-1378
-2594
-3444
2396
-3232
936
-599
4843
-4532
3976
-3583
-3574
4107
-3780
-1045
-1022
-618
4125
-4496
-1398
4836
-1671
4792
3393
-4301
1275
3698
-1189
-4878
1094
1837
1801
-4040
-2191
-2587
960
-4459
-4404
-1923
-4788
3924
1456
-2715
-3970
-743
-4635
-2776
-3488
349
-1331
3493
-2263
3218
365
1304
-149
4645
796
949
-230
-4880
-3388
3728
-3833
1848
790
891
-2405
-2390
-2358
2525
1071
-4915
1620
2700
-4152
1380
-3967
-3993
3584
3315
-3088
-2206
1951
122
-2370
-2738
-4087
-3309
4762
-3468
-128
-3884
-312
1214
1594
-2878
4657
-365
4366
-1230
-2521
1933
-24
-2547
3558
3449
556
-2225
133
2794
551
-1716
1388
-4759
-4831
-2064
176
3870
4446
-4719
-1142
3668
1747
1844
-2874
1644
-2586
-3544
-826
3728
287
1619
-2298
3857
3835
3335
-2021
4080
-4401
3776
2661
-3754
3993
780
-4780
2929
-4751
-120
2678
-3013
3695
4771
4878
344
1655
-2126
-768
2668
4703
2896
-1911
4710
1505
-3842
1084
-3523
-213
-482
-2537
326
1636
-4696
20
1231
-23
-2584
827
-1301
-3914
-1131
3749
1034
4496
-4690
-2469
2676
862
-878
-35
3923
1720
-20
-658
1722
3464
-3222
1261
485
-2674
-3655
-145
3918
2767
2254
-3497
-167
-163
-4493
1687
-2739
2577
-244
-192
-1968
-75
-2843
4470
221
4414
4490
-2097
181
-57
4242
3018
271
1449
3513
-3812
-4739
-3130
2665
261
-4323
-3163
-4684
-1951
2040
151
1953
-3605
2667
440
3376
-2900
-177
-799
3435
-3343
-473
1946
4108
4602
4965
-66
-2123
2383
-646
-4073
-4912
-2179
4553
-953
2851
-2866
454
2216
-3665
3223
-3952
3484
758
379
55
3358
2086
-788
3676
-4903
-378
-1679
-1307
-3977
2780
947
1177
513
3673
-30
510
3446
-110
-4491
-4500
-4441
-2196
3311
-2355
-3329
-3294
524
-3644
3327
4406
-2790
-2584
4967
2642
-4683
1067
2769
-1238
891
-4293
-3960
-320
2638
-2412
2230
-702
4040
-2193
4218
2372
2904
1756
-4792
-4698
1130
-3609
1883
115
3861
-1222
2502
-2603
270
4719
-4392
-4841
-550
-2048
1149
-3879
-3487
365
3297
3290
-658
-359
-2097
-3579
-4509
-1182
-2040
1034
4937
1835
-3072
1655
-2075
-1081
-1006
-1149
4358
-2172
-1533
2824
2122
3202
-1756
-2598
1456
111
4945
-424
1097
-848
-122
-2802
968
-2930
-1711
2020
-4840
-2406
-4525
-3705
-1683
-1266
-2848
2690
3826
2226
-73
-1879
-3327
88
331
161
-2926
949
-4369
815
-4677
2684
-2688
-4212
3157
-4408
460
4786
2191
-1611
4816
-59
-196
-1492
383
80
-2505
4777
3247
-2197
4535
3563
670
-1609
-4691
-1000
-878
3398
-3142
2394
1245
-950
-2706
186
1375
-600
-1333
2487
-3835
-777
-4008
-1181
2976
987
225
1147
2945
-3895
-308
561
1280
1591
-4666
-3289
-2613
1266
828
233
-2133
-4214
-506
-456
-2317
-818
-387
3551
1474
1679
-3827
-4828
-3240
-1148
-3738
3068
2660
-1206
1740
4443
4844
1878
1743
-3704
-3802
3128
-2507
-1463
-4317
2461
-4750
-1521
1420
-4127
1274
-4784
-2940
4479
-2307
2109
-4035
296
-1135
4880
-2410
-2261
-1394
2485
2930
4118
1378
-2863
1604
4234
3173
-1805
6
-4588
-2330
117
1625
-2643
2772
-1538
3255
2864
-1718
-920
-4636
-2845
4674
-1046
-2957
-4988
1498
4897
-2299
4449
4675
-96
-2756
-4972
-4474
2064
-2147
2809
3921
-1803
-1308
-1074
-289
-3056
-1375
1894
-2234
1850
-687
2441
1978
3700
-2264
-3684
-1409
-3224
-583
4392
1435
4939
-136
-1302
-710
4145
422
-3674
4315
429
-4500
-2007
2888
4148
804
-3686
-3261
3005
-2848
-309
-2709
1207
-2947
-1854
4318
791
-1358
4958
-3192
1548
-349
-3335
90
1137
-4573
4329
3798
1518
-154
2178
2935
3547
-2412
-356
-3587
-3981
-631
3756
1045
-2400
-2663
-1023
-56
-4743
4257
510
1402
-747
2169
4047
-3166
3978
2469
777
2122
-1145
2971
-637
-4132
-2342
1774
-3797
2252
4575
-343
3814
4053
-1883
-4664
3576
-1125
366
2784
-3316
3808
-3404
1151
1872
3138
-3885
718
-847
-2079
694
-2269
-4050
-1442
-4559
3538
475
-833
-3496
2980
-763
1904
3115
3952
1181
-1117
2752
-2811
-3742
-648
-1653
3626
1535
1560
-2805
4172
-3873
2250
4788
-4281
4312
-2712
3076
848
3435
-4900
-4876
-3969
-3562
-524
-386
-1558
2804
-10
-1946
-1573
3475
-1380
3526
-620
-3601
1008
-615
-295
-417
1971
2580
3052
3196
1190
-3892
391
-742
-2868
4056
1041
292
2455
3716
-1645
1400
-4849
-2930
3284
4716
-1247
3265
4145
2572
-4140
-4500
-2248
4418
-249
2031
-4973
-3840
2342
3921
4947
3980
1099
4112
-1022
-2487
-3744
-4602
3034
-34
-2733
-3596
1316
-3819
4147
-4786
904
-3134
4295
-1278
4627
2045
1022
-426
1079
447
-1919
4590
-500
2037
1668
3271
-2572
-3612
-4165
-1885
3580
3401
1545
4577
-2465
-1477
612
-3704
1093
-2352
4453
2192
2632
-3096
-4213
-1747
-857
4202
4286
4681
-2173
4794
-2495
-244
-1706
-4941
3922
-3286
-668
-2762
-2629
-470
154
4383
-2294
1327
-3901
3105
1550
3221
2698
3406
-1752
-4951
-183
4820
-2095
1749
2416
4055
2122
-1337
-4607
3415
-4963
3788
1335
4222
-2397
2542
-2233
-2856
1536
2408
3871
-4993
-1256
-4334
2892
3331
2021
1646
7
-3678
-400
-1027
2975
697
3580
4846
146
-1225
4691
-2092
-4620
-4630
-888
-2253
2034
1929
-4724
-1833
-1487
4781
-3940
-590
3776
-4627
-1481
1824
-3764
-1436
2077
2247
-4863
-2927
1298
2800
-1106
-2629
3618
-467
4609
3263
-513
2966
-2174
-3896
-3930
452
1820
3289
320
4889
2453
1562
-3724
1626
-3329
2972
330
-4469
2727
-917
-710
-4443
2507
-1585
-4782
-618
-2615
-2081
3110
3989
530
-1629
4210
1968
2285
-4333
-3941
1604
1080
2514
-1740
4920
-1767
161
-531
2071
2194
2689
2885
-1848
-877
-679
3904
1835
-1398
1119
4531
-2509
-4827
3447
-1764
-2998
-4376
-4762
3983
982
698
2513
-629
-2170
4010
-681
4364
1800
3647
-2089
4169
-757
3468
2880
-1059
2299
-3214
-1197
3699
-3330
3712
2455
-3254
-214
-4218
-1447
-136
4321
1415
-1235
-421
1227
-2067
-3995
2330
-3250
-2698
-1347
-4181
-4228
428
-3935
-3778
1658
706
4204
-4266
-3832
1338
-3906
-937
3873
2083
4568
3178
-1583
-4384
-3049
-1522
-2178
-3980
715
2809
-4076
457
-4557
-3683
4097
4497
-4169
181
2554
-1165
2850
2622
2584
519
-54
-4621
-3469
4733
4764
3184
201
-2314
-935
-872
458
3334
-633
4146
1075
-94
-747
1038
4134
3764
-3264
-4602
-1022
1341
-1221
2047
1652
4698
3342
-2465
-4390
-4657
29
1656
-2128
783
4403
818
-4263
-658
-2164
4263
-1717
2718
-164
1336
567
-971
-1
-3843
3155
4960
-3346
1690
-4410
-2112
-2565
-4003
-2992
2483
1369
4195
4067
1278
170
-3366
-3598
1222
-954
3809
693
3230
2789
1820
-362
-1174
-3974
-284
-2229
130
-3907
1739
-2896
594
-3501
2845
4144
-290
-4325
-478
144
947
-953
4528
-3176
-3831
-811
1101
4815
4388
-1238
-222
1266
1098
-3574
-1989
2784
4815
678
-3718
-4059
2459
