-4734
4821
528
1324
-2411
1787
4108
210
1454
2298
4940
-2727
-176
-580
1079
3421
-4909
689
-634
1525
-4939
-1838
-4221
-1619
3659
-177
-992
-1569
2629
-2025
-3115
605
4895
-2668
1201
2670
1395
3617
4529
-3949
3932
-2999
319
4372
3366
1118
2466
3787
-271
562
-2461
-2787
-4492
-2139
-16
-1376
-1041
-2277
-1703
398
-1784
-919
1271
3445
-3993
3676
-3748
4040
-2931
3735
3974
-1067
4431
-3913
-434
-4157
4241
-2972
-371
-600
-835
-1882
3805
3077
50
-687
-3027
975
-4423
3439
4623
3355
-3837
761
1131
-3851
-1377
3970
87
-3012
2120
15
3006
-1299
-4278
358
4252
1803
3781
4451
3612
2984
-1270
3793
-3848
4771
-1886
-85
-3392
-2690
2174
-3185
1703
-4006
3817
-581
6
-2031
-806
4280
-3773
-3616
3222
1839
-1667
-4737
3122
-2212
3518
1215
-1738
3806
-45
4111
-708
-3689
4456
-630
-968
2663
3932
912
-3902
3167
4292
-1713
-2466
196
-2164
1311
1869
4451
-2313
4775
2348
-1013
263
3375
426
2939
-4408
-877
-4008
-3351
743
-992
3241
-84
-1631
-114
-136
-1385
-2426
-1510
4408
-189
2252
2975
886
1783
863
4641
-1957
-809
-1098
-4043
-1089
1302
209
-960
3239
-4824
-4482
2379
335
-2599
1467
-608
3874
244
-2186
-3629
-3754
3057
993
-1632
-2459
3103
-3679
-4483
3365
1401
-4619
2635
-2343
599
1059
2783
1377
-1372
2078
-4169
317
-3592
2548
-2549
3071
-335
-3836
2018
-3235
1731
-4100
1918
3878
1769
-4175
-619
268
2406
-4584
1629
335
4333
-159
-286
1355
-503
-4653
-1369
-3464
-2950
2082
-2584
415
-2387
-2739
4967
-772
854
-4396
-1925
62
-4580
-281
-159
-740
-2654
-3686
-2978
-1998
-3538
3621
1522
-3816
4567
-2841
2570
-76
768
-1350
-2413
118
2571
-399
4470
929
4092
-3282
-2716
3066
-357
2817
-1169
-4312
-1563
-4421
4002
-692
2928
3009
3934
2282
-3447
4235
1731
-2091
812
-4612
-137
8
-609
-4596
2998
-1151
-1476
-3536
-3962
968
-631
155
3605
-3523
-155
4366
-639
-1200
1025
108
4772
1162
3272
-2455
2938
665
1260
0
-2847
-3640
-849
1410
-1924
-4660
4268
956
20
-869
-3360
-2718
-2965
2696
-2057
824
14
4073
-185
-4560
3814
3418
4307
3213
-101
-1014
397
-3178
1830
1202
716
1062
-4591
-4778
-2571
4640
894
3300
-4823
-2561
3025
3514
2795
-3556
1146
756
4812
-551
-2941
-2142
-3483
4218
-3822
2664
-3312
2323
-613
-4448
-4236
-4564
3414
-438
-3093
194
2232
2243
4385
3863
-3375
3347
-3157
-615
-4895
3104
1010
-2080
807
3489
-757
2753
360
-4115
4180
48
-4712
849
-2804
-4350
-4855
2576
-2976
1152
-3635
4388
910
2103
921
2659
4295
-4019
4552
-978
2486
2670
680
1155
3880
-1916
694
-4942
-4553
85
657
-452
2199
3734
-4787
3543
4763
-3954
999
2318
-3291
4981
-1376
4357
-2071
3515
264
3115
1644
1285
2984
2632
2462
-4911
-4389
-1866
-3199
3227
2890
-4277
-2619
1465
4179
-4060
-606
-1199
1893
3278
-959
1866
4779
1454
88
-4753
674
-3823
2784
1120
41
477
1428
2643
-124
4454
-3705
-1496
-3235
3500
-558
1850
4616
3842
-4022
3601
-384
474
1162
4868
2323
-4053
-4734
315
-3705
804
-3284
851
-4056
2523
4278
3819
1344
-2498
-511
-1477
-1199
-2549
-2219
4245
4626
-3861
-1697
-4701
-4125
3432
4152
4752
3662
1856
1219
2131
-1892
930
-158
501
4561
-2667
4805
4740
4742
-969
4481
-688
-2687
1635
-695
-206
1955
-4564
2668
3869
766
-1210
-2533
4124
1424
-3004
4116
267
1392
-1589
-2945
-3118
-4668
4758
-1915
-4548
-35
-4349
2120
-3290
-224
4058
532
-3262
-495
-3938
-3904
-3285
-3250
-4068
-592
4115
-3531
2081
-2262
-2759
-45
4840
2594
-1274
3322
4736
1877
22
-2146
3915
2687
2772
1341
3555
-439
-2771
-199
-1688
-1342
1783
-4381
-4331
3865
779
-1371
-3520
3300
3437
1755
-3793
-2512
1404
3951
-344
2934
-4891
2721
4289
246
4850
3151
-2474
-4717
-1152
4102
2601
2219
3422
-3259
-1804
2481
4305
-3494
-982
4232
1204
-3604
107
1134
-787
-3499
-618
1074
-3669
-3239
1257
-540
-2597
2423
-252
-1672
-1334
4539
-821
4151
885
1629
-934
3122
-3108
-2838
-973
-941
-3451
-52
-3950
-1934
2508
2009
-4686
-912
-4408
2773
4057
3556
-1895
-4123
-3442
-208
110
-798
-2725
-273
4595
4869
2285
541
-345
3125
760
-958
1003
-2662
-3576
3693
2119
2893
-1838
-1782
3335
-2530
505
-4273
-2574
-3439
-1972
2857
1067
-346
1484
3997
-2336
1972
4092
-435
-2784
-4334
-4479
-4390
-2630
-798
3417
-1951
-1760
3498
536
707
938
3039
2237
468
-4713
-2048
4819
-800
4015
-1044
3315
2821
2579
1186
951
-3951
-4426
515
905
-1367
2069
-250
2618
-366
3569
2296
-3425
4528
-2162
3901
886
-4311
-557
2663
-1178
-2795
-3326
3906
4356
3989
-2942
1194
-2782
-4404
-2905
-614
-2062
478
-284
2498
-4248
1300
-1034
4580
477
2761
-2927
-4501
3504
-4859
1737
-3912
4183
3715
-3929
-1862
-3853
1328
1787
217
1153
115
4768
4688
4797
-3325
1339
-1131
-2879
394
2397
-3579
939
-4732
1880
33
-2835
1699
2174
-945
1566
-3293
-3787
-3217
1934
-971
4551
2507
-3610
2890
3206
-1063
2958
126
1133
-3328
2584
-2626
-2159
2565
169
-1193
-2474
-2543
-2248
2381
2638
1488
-2833
2404
1964
4457
-2433
3263
-4393
-1963
-992
-4701
3322
4702
-4907
-1466
4232
5
2110
3817
3229
3552
71
1984
3247
1374
-1570
-4086
-4749
-1736
-3982
2209
-564
-889
2054
-2112
4015
-1220
-107
4108
-3934
-4097
-1520
-2800
2050
999
-3533
153
4212
962
1701
4522
-3741
2691
4318
-4243
-440
-3562
-829
-3017
1112
2832
-3027
2119
3623
4327
-649
3787
2250
-3381
4694
4670
1514
-3711
4723
-3646
-4907
-3366
-3564
2694
-3042
4644
713
-3228
4884
-3636
-3199
-422
977
-2385
-3747
-4750
-4263
-1316
3692
-3552
-1406
-2089
-4122
-952
-590
3340
-4795
1066
3284
-3010
-1812
-2357
-763
-3044
-2197
241
-2661
-482
4667
-6
-4892
514
-4732
-70
-804
941
-3633
1775
2441
-4928
2933
-3230
1553
4313
1046
-3731
-1589
-1501
645
3011
2787
-4037
3840
705
3094
623
-370
-4161
-3635
-1051
2562
882
1383
-3402
-3108
-2687
3375
4997
-3938
4898
1037
-3296
1963
-2383
88
-4158
4763
4316
649
578
3676
3950
4331
1307
-4941
-3482
3358
457
-3968
4995
3770
-2435
3775
-4562
-2895
1901
1835
3732
2205
2603
2445
2063
4009
-3840
-1566
-1312
4316
389
-1190
-1157
4143
-4322
2829
4126
1792
4660
3768
799
-4465
2685
-3643
-718
-2938
-1559
441
-2060
-3323
-3412
-2698
-1498
3339
-3037
1025
-4167
-4751
-1675
-4626
-1933
-752
4408
1063
3324
4035
92
-4613
56
23
1832
628
-1968
-1154
2079
-4271
-849
-45
1038
1553
2150
2728
2725
-1647
-1332
-1412
-640
4525
4038
4808
2433
2867
-3617
152
4844
3189
564
3863
-2225
4300
-4130
2819
-437
1578
4189
-3713
-861
-4792
4958
-2713
3472
-3810
521
430
-2514
17
441
1060
1431
-1034
-4008
-140
-3734
1077
3863
-4695
-1784
-3400
4855
2848
891
-813
-3401
-728
-2365
-1218
906
3702
3037
-4978
1796
2005
-3390
-1534
3761
2379
-2630
-1944
-2990
-1113
4396
4111
-2683
1671
-3933
1032
95
789
-4066
118
953
1121
-4876
-1324
-1147
-3318
3569
3461
4699
-3402
-2318
-4473
3348
4178
-3975
-1103
-3502
-365
-818
4683
-742
3722
1922
-451
15
549
3200
-1488
332
931
2179
4944
878
2976
2654
-1405
2380
-4498
-4596
-3101
-3181
436
1653
3127
2386
-4400
3065
208
1679
2505
-1364
-721
-2555
-4304
-4514
-2156
-1685
-3068
182
-3487
2737
-1932
-2918
-4052
-1399
-305
2733
-4860
912
839
566
4027
2616
2436
-631
3922
2995
3717
-4331
-462
-1890
1954
1945
-3242
2024
3277
4179
-457
-1043
-2394
3319
1887
291
-2978
4344
1070
-4864
4995
-4794
2139
3062
4106
244
1666
4237
506
2612
1372
2139
1269
4530
1452
-2206
-1006
442
3654
-2698
-411
2551
-1782
-2759
-2863
3097
430
-2715
1604
-3135
-1079
694
176
-3780
-356
-2207
4057
-2966
-661
3909
-86
2330
-4663
-691
4178
2772
-1710
-3586
-836
3714
4673
-3869
-4739
1003
1698
2803
-4505
-1666
4386
-2228
3114
-488
1810
-3698
-3783
659
1083
1014
3386
2667
1099
4901
-4681
2557
-3923
-835
-2942
-914
-2329
-2856
1478
-3275
-2211
-1740
696
1526
-3837
-353
-180
-148
-4305
-453
4532
-2798
1421
2494
-4285
2047
2684
1208
1056
-2740
-3723
482
4326
-782
-2260
-3152
600
1685
-896
418
3266
3559
-196
-1235
4747
-4838
2784
1056
-314
-1018
2473
-42
3991
1059
-4548
4744
-4590
-1644
643
1596
192
3920
3950
1374
-2917
-4370
-4005
-1959
-4359
-2532
-4832
2449
-507
-3092
-4012
-2432
-3544
2796
2637
-3812
-2441
-896
-3227
3730
2054
-2946
-4026
-1311
3962
4342
-4972
4165
1708
-1348
-4486
-4194
3882
3700
-4036
1708
999
-1512
-3861
3353
803
-1095
56
-1084
-4907
-3953
4288
2485
2516
4735
1925
-94
-779
1912
493
2093
-3329
2490
-3165
-4361
-966
212
-1860
-1002
-1194
-872
-4748
-4178
-2136
-2851
3911
4959
4959
272
4699
170
3125
-3111
3978
-3999
-1535
117
3870
682
-55
1493
3925
-704
-2668
4258
3668
-1033
1150
1484
936
1466
-4971
1486
4567
3874
1728
-3057
3813
-4604
4447
-4585
2467
-4024
4909
-3701
-430
370
1842
2536
-636
1247
-3003
4552
-3069
-2050
1503
1572
-484
-2440
-4102
4455
-1661
-3923
-4791
874
3434
-1971
1681
-4431
2092
-2849
1925
4065
3411
-4606
895
3788
-2919
45
-4294
2427
4524
-2955
333
3574
2315
-3653
3250
-445
3965
-2929
-3788
4137
-2847
-1739
1654
2288
-1089
-4110
-4495
4408
461
-941
-4506
2386
3214
3578
-2319
1102
-1850
4887
-338
-2606
2008
975
-4506
4627
-4912
331
1681
-3069
-3540
-2097
3775
-4040
-3771
501
3602
-2491
348
-811
1171
2391
-3809
2708
1813
2526
2682
-3689
-4665
-4010
-3430
-3694
1586
1009
-4034
-2799
2034
1586
-2922
-2847
-2942
-2455
4589
3500
-752
3862
-205
-1776
-465
-20
-2861
-1077
-4100
2323
1156
3733
-24
-135
-662
10
-4029
2983
1980
3827
1658
1180
-4512
-4161
-3225
-4392
-1277
4323
-2249
4951
-827
-3205
-886
-2472
-4688
3499
275
-776
-3831
-297
-2
4560
-2640
4684
-1359
2232
4162
-4455
3387
-2250
46
-3155
-3814
-3177
-4172
-3986
1801
3689
2696
-829
-3211
-4445
-2970
4879
4497
-4399
2144
251
-1824
-929
371
2318
2591
306
-456
2907
277
4110
-2266
3880
-3486
2119
1556
4102
3989
4103
2716
2498
794
3288
1083
4231
-2640
4687
-2155
1149
4713
4390
294
-2846
490
3525
-3853
-4493
4962
1324
607
-1880
-2152
-1650
-4966
-4487
-4179
-3683
-1165
2001
-384
2863
-4610
-4691
128
-3958
-3728
4145
-3860
-4175
-4937
-2568
-2618
3627
-3689
3941
-89
4812
-1729
-3109
-3268
2098
4250
2293
2125
-1714
-2110
4467
-114
3773
-4226
-3951
-4401
4387
828
4790
4766
3075
794
4054
-2659
2748
-3714
-1004
-3891
291
-2634
3624
-2487
-4695
3514
3113
-480
-4422
3005
-1721
634
-3598
674
-297
3163
3947
-4934
3852
-1162
-649
-4244
-2386
-3911
1974
-4642
-1558
-3530
-571
4192
4134
1
435
-1016
4351
2629
4321
-2585
4545
-2782
4198
-1925
4402
1681
3404
1758
-1605
-2568
4074
-4597
-2300
-456
-193
3632
-645
3587
-856
-2161
3345
3868
-2674
-2241
-3375
-3705
3663
4464
2718
-977
1623
-4932
152
4566
1659
2808
-1270
-1737
-3311
-4486
-1613
-25
-929
-348
-4114
-1910
-4865
2926
-2015
-1390
2876
-1550
1727
-2045
3117
-4223
1834
-3295
1962
787
3065
-1189
3919
572
-4847
-367
4572
4329
2963
4352
-1866
3722
2626
1806
-3426
2874
911
-4768
956
-2327
4739
90
-3736
4107
1272
-2690
1252
-4616
-3372
-539
2009
-2972
115
-3796
2653
-438
4128
-810
-1490
-4974
-3184
4575
-354
3874
4428
2608
-1622
368
-3591
-2466
-4343
-2443
-3131
-2275
957
-900
-881
-1997
4121
2762
-717
4247
-4400
200
1122
1015
197
1356
-1062
-3895
-1483
4214
-3385
2761
-323
-3114
1189
2082
-4744
3930
2865
-2888
3657
149
-4005
2689
-1118
-4340
4298
4212
-4849
-3846
-436
3769
-1982
-861
1352
1856
-2660
1461
2899
-2130
-700
4122
3563
3874
327
-4646
3523
-1994
3452
3422
-4437
3745
3458
95
1050
2137
201
-4467
-1013
-1306
-3062
4683
2435
2705
884
4744
2859
43
-2588
-3719
-4819
-4742
1904
-3135
2447
1982
-3648
-2430
2711
4354
217
-2515
-1382
1438
-3112
2214
-3306
-646
-4281
-3133
2072
1132
4079
3155
-4406
1506
4826
2043
2813
3195
771
3851
-2049
352
-4531
464
968
3505
1932
4787
-4521
1529
-1804
-4882
-2268
51
2445
2366
1042
-410
-3649
-2477
-365
-4740
-4512
1701
4295
-655
1095
3073
3363
4950
4028
289
4538
-1644
-1954
-630
2331
-2562
3936
-3873
4374
-512
-4799
850
-3812
2196
1478
2363
-1134
-4813
-2025
977
-367
4936
2499
1413
3502
-784
4896
-178
-2591
4494
-2941
4974
1300
1483
-1832
388
1034
-3734
3887
-1493
3577
1098
-3517
784
2277
-2908
-4248
-1007
4795
-2796
-3952
3248
679
-1947
778
4006
2050
-2283
-583
693
3195
2088
988
630
512
-1624
-1009
2289
3818
-3447
2781
4203
2211
3787
-3953
474
-1787
-3015
-4730
-4796
-4112
-4482
3857
-2171
-1225
3863
-2661
990
2263
-445
3461
-3909
229
4407
-4165
-691
-3053
1151
-2218
2582
-657
-2481
-4578
-220
-4215
-329
1401
20
4110
-427
884
-4600
-2267
-1868
2284
4339
742
4610
3946
-3136
-3966
4159
3305
4819
-1389
3297
-4507
2455
-1808
-2027
2450
-265
4653
-2465
1382
-4504
-3107
-1437
-1836
-1821
-1131
4765
-826
-4271
735
-4694
3206
4366
-4281
-4951
-3447
-1696
-4458
4188
1928
4193
2392
2328
2365
1336
-4052
-1348
-106
-3673
1448
3071
3593
3245
-3114
-3374
-1755
1098
718
-1484
1168
2003
-767
-1692
-4638
1852
-4880
2625
-4259
4546
-3209
-1154
-2120
-2677
1754
2305
-666
4388
4714
-566
-488
4826
899
-799
-84
3077
4901
-200
447
-1810
-3586
-80
-3146
-2798
-2144
3111
197
654
3364
4718
-2357
1050
-4918
-2535
-2262
322
2988
-2592
454
2095
-2194
803
1226
645
3684
-2838
-367
1221
-4831
-3479
-1577
-1965
-2602
-3677
3661
-2446
-4577
4934
2883
-1445
-1050
4660
2341
-1044
-3181
-1422
4821
-1283
3521
-4440
-2799
-4867
-2883
-935
4208
-2052
2333
-3827
-4370
-1678
3435
-326
2817
-2100
2861
-2766
728
-3689
-3101
-379
1551
-4268
780
-2474
-1951
-1364
-3916
4796
411
-1763
-658
-1377
-3847
1123
-3446
-4574
1887
722
4084
4064
-3914
1870
1785
2430
-2079
-482
566
-4688
667
693
-3457
456
-3826
4960
344
234
2066
926
-4204
2363
2177
-3431
1111
455
-461
3571
170
721
3995
-1381
1579
4997
-2739
879
-3890
-1142
-870
4956
117
3315
-4646
2880
55
-2908
2948
3697
3632
-4126
-4499
-250
-2044
-1853
1466
-1325
1729
2917
-2924
3074
-3328
3050
-504
-2068
2311
1409
-4201
-4568
-737
-1712
2897
4154
2109
-1747
-4311
-2179
624
-3476
1157
1547
-1914
-349
308
1480
-3142
3321
1436
2127
-1874
-1075
2687
-3756
-4079
-4334
3849
985
-3267
2104
1305
-4100
-1249
806
-1575
-1091
3364
-2141
668
-2210
-2387
4165
820
4083
2799
1888
1980
152
1385
704
-1352
-1278
2627
1554
3336
-4050
1807
3164
-3917
789
-1249
-851
69
-2143
3635
-1489
-4489
2169
3580
2377
-1336
-3528
3618
-207
245
-3380
-3409
-3025
778
-453
1894
-260
917
-257
3939
201
-2797
-718
-4767
-2068
2217
4805
-3214
-954
145
-2406
-1202
-1408
-1281
129
-165
-3101
3551
-3729
2532
-4634
-2114
-3877
2026
-3198
-2207
1123
-4492
-3918
-3275
-1541
-2156
1030
1396
-4107
1704
-3209
-2448
-1316
2618
3765
3920
1578
180
1355
-2299
1530
3315
788
-4377
-2280
-2393
4999
-367
-1404
-924
-1618
-1387
-4955
-3192
1509
-1683
4378
-4375
-3763
-3825
-4996
4570
-4000
4236
1823
-1094
4047
-4442
3687
1034
70
76
-4025
4969
481
3827
4005
2414
1401
3122
954
-688
-649
-3590
4485
-1307
1161
-1872
-2433
4901
-2398
-3991
-871
1803
-837
-3935
65
-4424
1751
-3929
-1740
83
-587
-2119
525
-1199
2894
-2617
-3220
-4547
-2001
182
145
3396
608
3444
3832
527
2050
1459
-1745
1854
-1960
-1915
1073
3006
2684
3970
1287
-2553
-4589
1368
-3659
2468
-1574
2927
-4816
-2401
-3201
-3289
-2225
4952
-2355
881
4047
-4558
-449
2120
4768
3755
2533
-3606
4733
1382
20
-586
3049
3751
-4120
3204
708
2618
-3403
4283
-4962
-112
1147
-2509
3954
-2617
2104
4808
-3581
-924
-3929
-2521
-3099
-256
-4282
-2024
-3742
1148
1173
-1112
-2515
4883
4810
3282
-125
1771
2290
394
29
-4250
3138
2422
-4398
-2821
-2725
-3383
4922
-4899
-2900
-3011
-3091
-4619
2737
4571
-3463
-96
1754
-470
4163
-3897
2102
-2189
-3915
-4857
2238
-3955
-2731
2365
1054
1353
70
208
-498
2556
-2793
-1910
2271
1284
-3414
-1308
-976
4729
1152
-3251
1968
1842
2479
199
2190
1937
3941
-529
-2115
684
-2154
-201
-1549
-375
-4159
257
1377
-1243
-2078
-2070
-4084
-3631
384
-2512
-615
3193
-2058
-2302
-3768
3282
-3297
2803
-2985
304
1242
-518
248
-3439
1102
777
4413
-1558
-3578
-1865
4319
3547
189
-276
1645
-3071
-1323
-4663
-4526
3705
3585
-878
3695
-2420
227
-3767
4632
-3909
-2128
4136
-1253
200
-1937
11
2458
-3874
1088
1559
1418
-1825
-1367
219
2644
-2872
1116
226
2328
3794
3428
-4799
4562
-3784
1038
-3837
-4507
3184
-2187
975
-621
4056
-75
2162
1983
-1249
-543
-4945
4953
365
-4847
3232
-2280
303
-2413
-2505
-3033
-3389
-1775
3957
3782
-3716
899
-1802
4929
-3373
-1685
-2697
1085
-2454
-49
1638
1646
-4066
3764
1653
-841
-1255
-1563
4378
2169
1840
259
-3195
2220
4688
262
-642
123
-112
1186
4443
1353
2915
4533
-4164
1778
-2420
-4324
4819
-4339
4862
4246
1875
-3811
63
-4416
-1116
-1193
2377
3391
-2577
4382
3085
-692
-2612
3145
4804
2457
-1514
-2090
627
-4046
1512
3511
-182
4031
-3289
2555
3401
757
763
-4552
1871
-4307
4426
4932
-1823
4172
-93
-4861
-4188
4209
740
3195
-1497
-2594
4073
-605
2623
3598
-3390
3578
1744
484
3663
-716
-2411
4228
-3974
-1762
-2339
107
657
4515
-1806
-4440
1279
3927
3111
4142
-2058
-4032
-2643
-3454
-420
-1435
-526
4815
3647
-3377
-201
-2967
-3531
-2692
2876
2702
1412
3058
4298
-2520
-1685
2496
-2564
-1824
-85
-1712
107
301
-1914
-1655
-331
1385
-990
2673
-4583
-3980
-4502
1072
3154
-542
-1118
-1072
-450
-4273
436
1104
-4567
-1101
732
4231
2955
-1199
-3748
-299
-4870
-375
1277
773
4173
429
1827
-3873
4799
-2831
3163
-2309
-3716
-2965
2596
3840
-2693
-4710
-1241
3530
3912
2484
2612
-4039
-2931
-4665
-4294
3398
1500
976
-4621
-15
3340
4746
-2198
-2459
-4611
-3393
1658
1549
793
-134
1252
272
74
4124
828
-1112
4370
-707
3265
4705
1690
171
3127
-1076
2779
3790
4803
2323
1843
556
-3326
1271
1876
2535
1350
-3931
4111
4868
4078
-3369
760
1672
4465
-1994
-3626
1675
1479
-2402
3177
-4738
4724
-3894
-3640
3640
-3262
2542
-4585
4908
1898
3283
-2238
-4425
4222
1996
-408
-3931
-554
1848
1142
1763
341
449
2398
-2321
343
257
-1019
1595
-4887
3844
-890
-2959
997
-1304
86
-1872
-839
-2272
2965
1029
4563
1241
-1907
4277
3435
4452
2011
2822
3853
-4510
1735
2157
1697
-2642
-3247
4274
-199
1011
-1414
177
4646
-2402
-3508
-375
-4921
2607
4039
1111
1216
3625
-3127
1277
-1133
2697
-4615
2747
1533
-4829
-703
2703
367
-4393
-2379
1673
-4745
-1469
-2716
4487
-1253
2706
778
320
-302
-686
3871
-1364
-1537
3667
3072
2400
4491
4508
3608
-4808
-323
3719
-1238
-1876
1416
524
-2802
-2619
3969
-964
-3802
-1047
252
-2188
1899
-863
4354
-4191
361
3772
-2863
2194
3444
-4099
-2624
-743
3045
2416
-723
2748
4565
-1254
2886
3704
1316
-4675
-3968
-3467
-4378
2858
-1289
-3164
-500
-143
-3182
-3580
-2806
4805
-430
-2380
-86
-3973
-2505
-3116
-4883
-1056
-1937
-3868
-2087
330
380
-2930
1795
2423
433
2911
-3574
-4430
1417
-3280
-1570
-3132
3091
1283
3163
-1210
-4834
3737
2950
-507
4173
2240
2914
3934
1911
-2182
4719
-4487
2239
2169
3121
3219
3434
1318
-2264
-1021
898
2080
1185
4894
-3290
3234
1672
-4955
987
4989
-3064
-3588
-4620
-4011
-4815
3222
297
696
3925
1516
-1145
-1656
1439
-4212
-4636
-1814
3344
494
861
4055
-3960
-4846
1006
-3232
3341
-1883
141
-2226
-4118
2867
3603
4663
-3065
966
-4952
4797
-1471
2796
-918
4000
391
-1642
-4295
-1676
-4240
-1315
4019
2877
-1701
288
2919
-3210
-1707
232
-824
3634
1697
-2740
-4496
-438
4919
-4704
2382
3348
-1364
1400
-3570
-155
4441
1371
1923
4605
-2837
-1901
-4349
1440
278
1248
2575
-2315
1142
4764
4749
1272
-4508
-2263
-4603
-4774
-2670
-4585
-2556
-664
-1133
-2142
-1648
953
4314
2215
-3943
-1296
-307
439
840
-158
-2907
1381
391
-1231
-2763
-3271
3436
3031
3989
-1801
276
-1890
1754
-1559
-3336
364
-4445
1545
-66
4045
787
-2005
1614
-4040
2982
-4361
-593
3619
-1183
2148
4510
-1645
4363
2416
1674
-3605
-798
1164
-2481
1909
-2213
-3180
1278
-113
74
-1603
-2891
1005
-3174
-1145
-96
4989
-2487
-1199
-37
2727
-3341
123
-4830
4370
-1302
2023
-3064
276
4815
969
3360
4818
-2865
-2178
-4404
-955
381
-3176
2384
2062
1144
983
4513
1312
-4328
-2396
-3217
4635
1611
4919
-580
3609
2790
-2200
3784
-4479
2538
386
-3621
4042
-3803
4291
-2403
-4759
4450
3665
-4714
-437
4206
-4905
285
4590
-248
332
4207
3081
-476
-2844
831
2428
-1813
688
4836
-4269
163
2977
-3629
3268
-377
2298
1513
-1161
-3517
19
709
-4363
1166
2874
-3791
3081
1363
-1084
3467
1476
-4818
-2175
308
2429
-1728
-4003
-732
4805
2047
594
4295
-121
158
-3109
-4760
2206
804
1604
2313
-3726
1963
781
-3156
4762
391
4141
-2863
4501
1968
-1485
-2083
-2748
-2690
-4504
-4717
2959
1009
-3616
2017
4071
-3942
-2640
-182
-3253
-4854
-3111
3979
-1947
4373
3618
-3603
-3972
4369
580
3094
-4996
2209
-4978
491
-478
3401
-3287
1590
-1183
-3299
-4778
4960
67
-4726
-1948
1596
-263
-3791
-2242
1040
2595
331
-576
-4672
-2549
366
858
1865
1563
2363
-1443
-329
-2353
2592
-750
3171
-4219
-1503
458
-4196
-1327
4046
-3424
-1776
-2739
-2880
1819
40
-1298
-4010
-289
-4802
3201
2743
4643
-2165
2100
2419
-3410
-1567
3330
2859
2507
2498
2502
665
27
-548
-335
-4676
-4999
-4751
2566
4548
2344
2279
-3678
-3481
4137
-1096
-2103
3950
-3703
2791
4411
-800
-1689
3936
-3802
-2632
-3981
3978
-4075
2261
1666
-83
-42
2750
-3586
-2486
2394
-1264
1723
-3173
-2283
4357
836
-233
2181
-189
-205
-46
1199
-370
-849
-3153
-3500
4139
-1712
3987
899
4034
-1186
4104
745
238
-617
858
-4493
-3339
-4304
-3039
1780
1743
2243
-4660
3570
4645
-2266
-3130
-1062
-617
3660
-4600
-1084
4425
-3115
2331
-4863
-2773
-975
904
3168
4340
2098
-2066
-4719
-246
1150
3614
-479
-2767
3299
-3546
-2157
4894
4422
2473
-3232
-4970
4740
-264
4245
392
3289
591
4123
1779
3983
-722
-188
-3627
-1954
-2894
1521
-1790
-1694
-4016
-1007
-3059
-4518
2301
323
1286
2349
-4019
3980
1952
1815
-74
2308
4653
2225
-2704
3883
121
-4834
715
-182
3248
-2719
-403
-1261
-4883
4908
2071
-4790
-3792
-12
738
-659
2634
-2672
2155
3455
-4408
4544
3705
-4238
-1014
2315
-521
-142
-113
560
2418
-4353
4511
-3602
-3568
-2493
-3404
-2481
4075
-4062
-2010
-1505
-3351
3134
3250
3114
2825
-1958
-2602
-2029
1708
-2121
4267
-2286
-4306
3402
2464
-2331
-3728
718
511
-4537
-1501
-218
-4690
4509
-3774
-2565
1524
-2339
-3428
195
4981
4218
-1875
-3805
-4532
-4678
841
-2517
3749
-3352
-4572
4735
-828
4005
3873
903
-4651
-774
-2748
892
2657
-2584
-1018
1426
4521
-959
-2443
4021
258
-3841
-4283
-1204
3838
2945
151
-757
-2669
2919
2309
-1692
-22
2995
3367
-611
-2970
-2673
-1387
2652
2206
-1667
-1751
3039
-1671
-295
-1329
553
-2283
427
1341
-1785
-2460
-3015
3913
-272
-1228
-1799
3420
250
2730
-4604
1809
-2838
-3414
-4073
-1431
-333
3205
-334
1438
1984
1359
2963
-142
-3700
4395
525
675
-674
-1018
-2143
-435
-2109
-2771
-4321
-4515
292
3484
4150
-1490
4486
916
-1289
4833
-2640
-152
3352
-4995
-4362
-2395
-1452
-3167
2708
-1237
751
-3454
1351
2748
-4536
-2970
2486
4975
-2761
-2821
3406
3025
-2555
1316
-278
4922
-3685
289
4017
-3593
-1101
-3893
1610
4345
1835
-4839
1802
890
-2296
2401
862
4471
-3498
1742
-316
-2770
-1346
2122
564
4965
-96
-55
-3524
3796
1264
-2781
4568
2433
-3139
155
-3999
87
684
-1904
2124
4385
3571
-913
3
104
2786
-925
-3407
-2841
1516
731
-2697
-1097
-1118
-4666
588
2812
-463
3741
-2015
2203
-2878
2316
-159
-3290
-4817
1455
-3833
-3018
-3450
2358
-1685
-76
-1275
-1483
-651
964
-1723
490
850
-1586
-2620
-3989
4403
3610
-2102
4587
-254
4919
909
761
-1824
-3832
-4512
3990
-3302
477
4950
-895
-662
3481
4325
816
-1766
4085
-3163
4205
-2333
-3136
-2313
-2998
-493
-2079
3474
2099
4877
-229
-3495
-4401
-3461
4603
-583
-2830
2126
2577
4494
-1758
2118
-1975
1989
-188
-1219
277
-1940
-1757
2061
-359
2774
-4244
914
-3694
4123
-1128
-2294
-1597
3404
-1673
3689
2814
963
-794
-2535
-3796
-1096
4956
-4161
2185
-2527
-665
-1239
4735
1201
-2690
-1997
-2547
-815
82
-3240
-77
1757
902
4118
685
-1515
4088
2570
2282
1491
-3381
-517
-1801
1772
3442
-4077
1837
-1601
635
-3449
276
1979
-3274
599
4498
-3794
-2751
2337
-3755
-2697
-3119
4416
-2248
3389
1855
2978
-315
3705
-3700
-3864
-1785
-4371
2547
3302
-3509
-888
2073
-2550
-221
-1102
1811
-1623
-1466
3633
-1547
357
-2872
2607
-1006
2955
3889
3154
3253
4568
-4852
2059
3003
-3812
4206
3770
1866
4775
-3471
-1826
-4862
3359
2429
3371
2207
-108
-862
1076
-4824
2171
4548
-4088
-4409
-794
-4446
1160
-2923
4324
-1339
4742
-334
-587
-2590
-1766
1901
-1722
4189
-3906
4294
-1045
-4534
-4919
-34
-310
-2064
3273
3895
36
-4787
4681
-2226
2351
-3008
3122
321
1918
-4409
-1666
-2338
2210
4485
-3304
3482
985
-1073
-4818
4443
-4923
-2380
-1336
-2077
312
-2729
-4077
-2791
3787
2650
854
-1995
-4962
3849
2502
-3944
-39
336
4613
-2218
3201
-743
2997
2913
3351
1142
-1926
-4589
-3254
647
4701
-3976
-3955
-1911
-404
-299
1763
-4084
2015
-2279
950
3103
4166
-1346
3975
-695
3439
92
3519
-1130
-1357
-1989
-2956
-3923
-2208
370
-2424
-3253
-1055
3441
2684
2798
153
535
2865
-129
-2994
1265
-1297
-4276
-3630
-1472
-2386
2001
-1538
-4202
-4879
1939
-921
-3620
-268
-4456
-3454
-221
634
-2057
-2285
-715
3225
-4984
-1759
4071
-4367
-1545
-4186
-2882
2215
-4790
-4254
-1830
1232
3276
1759
-1901
-4136
757
-4768
2383
-1101
2104
1266
414
251
4026
3716
-78
-472
1946
-3229
-3442
2429
81
-2578
-39
3119
598
1641
-3377
1009
-1810
1756
4837
2186
-609
-2101
3878
3048
4000
673
1663
-4530
-593
-3179
-3916
-2775
4494
207
3757
2928
-1461
2900
1392
-2999
-1894
140
2300
649
2593
-4715
1247
-2156
-2849
-2127
-4171
658
2634
-550
2285
-1550
-3739
-1771
-3638
2600
1818
2308
2003
-2159
-1927
-2922
3687
-1672
1437
2745
4145
2162
-25
416
-2301
1939
394
4127
4818
4083
178
-4637
-930
379
-4527
431
-3604
601
2664
-256
2466
-1708
-2690
-4046
-737
2953
-288
1404
-283
851
21
1991
-2461
3833
-2867
-4132
755
-3406
4661
4426
-1044
1140
2650
1511
1877
73
-1560
2158
-265
707
1661
3399
414
-90
-3697
1508
2460
1043
1334
-1881
-4422
-3578
2535
-815
187
949
-2322
-3243
2895
-1047
3528
-3029
3537
105
-4838
-719
-1075
-1455
4242
300
2338
-3294
-1880
4844
895
-1918
3104
-3587
398
4644
4510
-2326
-2422
1523
-1738
540
4366
-4215
-2624
896
1483
-4788
-3787
-2858
-619
3111
-136
-1563
1147
3622
3396
4637
1041
746
4941
-3116
-3829
-3731
741
-3486
1817
1024
575
-4056
-1878
3136
4968
4571
-1202
1320
2678
-3617
-3844
-3697
-3520
3102
4300
3394
-952
-4776
-3438
-516
-2895
4164
-2425
-2703
-1455
-4940
4246
522
2084
3318
3504
4379
-3398
-3561
4781
-4735
2606
547
4752
-1737
-2156
-4505
-4715
935
1407
1368
1497
-3043
-2436
668
1222
4199
-3618
-4971
-54
73
183
-2690
-2397
318
-1873
-1394
-1975
-2984
-1980
2858
-4201
-1656
-1345
3943
2680
-2663
1374
4637
3450
615
-12
375
-2446
-579
2905
3798
-3444
108
1807
-779
2428
1496
-3342
1304
-602
1467
4203
-3810
1126
-1731
-1150
4901
-2499
-3813
4301
3004
-3366
4068
-887
-4557
-1904
371
1651
-2225
3705
2711
4644
2667
4119
3598
-1289
-1208
-78
-929
392
3140
1508
103
-4757
-3575
525
3340
1270
-164
-1869
4861
364
-2154
-3479
-2246
-2265
1951
1659
-1248
-926
3974
4948
3149
3296
2989
3100
-4031
-4165
4481
-4607
1605
4429
4664
-1984
-3146
-1852
-1997
-2928
-2823
118
963
-1812
2755
434
-409
-3621
4832
-626
-3789
-1586
-1071
-2622
4797
-2155
-605
433
-4591
-4770
-4678
-4369
-123
-2933
-3075
2195
2022
4462
3034
-566
1425
1076
3690
-1403
2782
844
3519
1153
-1466
-2349
1018
-671
1733
3149
2730
-4246
2298
-1135
159
-4613
-436
4337
-3988
2630
1863
-4795
2138
3151
-3388
-301
-4727
-4479
-1066
-2771
-831
-3913
3057
4136
-4393
-1346
4213
-3276
2300
4100
-2744
-1796
2127
-2788
1857
-1284
-3917
-1262
3120
-3174
-2629
-2891
-3524
4851
-127
486
-3675
-3917
2966
60
-3865
-4369
932
-127
4288
3491
4687
-4212
2504
-4285
-3399
-3029
-3537
448
4597
-1811
246
2746
-3052
-1254
3027
4092
-133
-3184
2935
1929
-3770
4571
940
3472
2405
-561
1832
1422
-652
3685
3839
2257
-2759
1984
-2539
4677
3351
1211
-3728
-1491
1343
-1135
811
-2785
-3306
3624
3623
3292
-3935
3050
381
-3862
-691
-4110
-289
-1392
3739
736
-1268
-1250
504
2745
-3694
-2969
-4837
-4338
285
4348
-3576
4470
110
-58
-2367
-3845
-2137
-4721
-2596
1342
2370
4381
784
-3304
4545
3548
1081
-865
-1503
-761
11
-4047
3192
-1245
3187
4671
4541
296
-2936
-855
1862
1277
2289
-3790
3420
3119
-4944
-816
2764
1677
3820
-2014
2439
-1661
4300
-3282
-3688
-4831
911
4886
-3611
-1656
3625
-2922
415
3649
-3496
2557
84
441
-363
1798
-3676
-2868
-3883
1858
1456
-3523
1295
-2573
-1842
-4753
-1432
-953
-4375
-4685
-2550
-4097
3734
3343
-3933
4348
4593
-793
-2406
-4587
1398
3995
3596
4598
491
4493
3844
121
1690
-3267
-1494
-3654
4701
-2237
4658
3225
-1374
-809
1701
-1551
4014
-640
-2931
16
-4066
1400
-3543
2611
328
2601
-1200
3600
-80
2087
1507
1423
-2986
-1640
3995
4181
605
1092
-4430
4254
3879
-171
-3059
-2218
3931
-1637
-2826
-4075
-4391
4031
1449
1365
-4812
-3454
2836
-4207
-4434
3873
3217
4763
-2366
2983
1616
922
938
-3857
1645
-3457
976
2948
-2110
3106
-4702
-1688
-3419
-3874
-4945
2413
-831
1173
3997
3635
4370
-3151
-179
4255
-4406
345
4567
-4332
-383
2332
3663
2592
-1879
3485
-4199
-3178
-4097
2938
3880
2723
-1635
3275
4962
-1569
957
2852
3759
-2286
1704
1911
4944
-2767
-851
-2407
-2019
-460
653
2719
-1993
-4731
-3006
4389
4188
-4698
-224
-2566
1800
-2561
4100
3676
-2152
-2220
3257
1851
-3462
975
-71
4941
4945
4463
3504
-4130
-411
-900
3965
2113
-3993
1493
4066
3783
2258
4744
-3158
2362
4780
2173
2394
-1481
667
832
752
-1449
293
474
-3144
4072
1744
-1525
-4994
-2756
1593
-4058
-1955
-482
1872
3832
-4554
-692
2143
-2602
4668
-4523
-149
-4286
76
-479
-108
1513
-4453
4199
-1737
4445
-4185
-3857
-3742
-2502
2047
3301
1063
3143
4079
4102
2490
2156
4259
-3861
-1899
-326
-3892
-4065
3899
-2454
17
3166
3208
4214
-4835
-4180
-4905
1774
-1866
1854
-1538
-1719
-1346
-2439
3492
-1863
1666
-1434
-541
1352
-1728
3631
-967
1156
3365
-3959
4264
-1627
-1580
-4339
-4660
2199
3091
1989
-2211
-759
912
-2977
2010
-464
-4416
-3487
4758
-2536
1176
3625
2959
-3479
-475
-2177
2552
1762
-3755
-917
2793
-3628
-2824
-4692
4669
-387
833
-3748
-71
-752
4039
2557
-548
-2130
2201
-769
-4015
1699
4846
3314
1393
4879
3161
2851
-2570
-1793
3051
661
-2342
-2713
-461
989
-1361
943
-48
2089
-856
-4505
2200
4685
-4141
4152
-15
-2996
-2534
3929
524
-4080
2687
1818
-1695
3959
3973
-1455
4869
1114
4701
-1009
-759
-438
-4578
-4819
-851
4617
-3138
4280
-1103
-461
4397
663
1803
4055
-1167
4101
4
-3738
-1797
2303
1933
3094
4872
3355
-3424
-3741
-2156
1651
4545
3875
-4759
-195
3171
4948
4422
-2696
311
-1787
731
4693
4559
-2626
288
-2113
1552
2988
2868
-3671
2502
-547
-4573
2451
-1167
-3052
-2879
2600
3597
3898
4068
3671
3328
3729
-4722
-612
2525
-154
-921
-421
405
-749
-2359
712
-4595
-50
2837
-3531
-4582
4961
-1581
1481
-2119
3574
-3450
4602
139
2351
2510
4743
-1026
-3408
1399
-3836
3991
4170
-4609
3858
1978
2804
-283
-4022
-1284
4183
3933
1190
3120
-697
512
-3779
222
-2566
3120
3961
-3678
822
3848
-3769
-2832
-4277
1842
-3910
1685
1401
-493
3036
-88
3263
-1935
2290
1712
4082
-556
-1830
3775
4439
474
4916
-1444
1197
-4635
-3974
958
4522
-2865
-3619
1796
1616
-3890
2030
-3998
-3157
4818
-570
-2746
4442
-4630
1971
-359
711
2503
2847
1313
2917
-3975
-3010
-1902
-4091
4741
-1820
1925
-3051
3800
-4720
1937
-1451
1141
-3591
-699
-4728
-4758
1460
3703
2356
-1647
15
-745
-843
3746
2221
3581
3060
422
3039
-2190
2399
-4970
-549
4970
-842
1778
1867
-2706
961
-4163
-3740
4344
4321
-2043
545
4679
18
2369
4380
4771
-1799
2116
-3431
-454
2288
814
-225
1673
3243
737
-4892
-90
150
-3776
2292
-902
-2291
-1052
4605
4156
-3129
-584
-1575
-4968
2144
-2236
-3479
-4913
658
4424
1435
4152
3743
-3122
-4376
3796
4638
945
-2867
-1393
2735
765
-3501
1907
4717
3932
-3
-3514
2591
-3137
-3618
1411
3866
-3970
-812
918
-4537
2374
-1835
2737
-772
-3423
2644
380
4826
-2748
3584
329
-589
-1583
1401
2869
4517
-2739
4512
3787
-344
-3956
2187
-4525
4831
1272
2817
-3465
2558
-4143
1080
-123
4537
382
-168
-2351
-4939
-4015
2507
1730
-4178
889
-3292
-3043
-4525
-2223
2410
-4929
-2415
1142
-2209
4659
3211
-2859
-1823
-1117
1507
-4157
1660
3644
3736
4230
-967
1978
-3509
561
1416
-4558
3375
-3091
1429
-3841
-3986
-4286
-1174
3843
-46
-2603
81
2815
2391
3931
1188
-1393
1210
2828
-3677
-2804
-4723
-4221
-3711
-3259
-630
-1455
-404
-1976
-351
-2238
-2489
4953
2336
-2857
-3514
3317
-1378
-974
1429
-1999
2101
-3039
-2764
3099
-4870
-1167
-3485
-4126
2857
1011
-3930
-4318
-3471
-372
-3018
-1913
2986
-3497
2020
-621
-4945
-2811
2570
4666
1339
-1467
-1488
4810
-3948
1118
4328
1113
143
4617
2599
294
-1762
4347
3024
945
-1203
3456
1950
-1097
773
1924
-2707
-4474
4858
-2502
-4250
-2193
-3944
-1521
-2490
3433
-2235
-3911
-4295
305
1298
-3958
3160
1695
355
2656
2877
-2923
1753
750
3774
-3231
2073
3333
4062
-2719
2283
-1396
4555
-2362
-4240
1696
-2795
-3408
1296
-4684
-4051
-1751
3200
2953
-923
943
3821
-4744
-4311
-2119
-1833
-1860
-2246
4714
2637
2766
2675
-3053
-527
2232
3082
-2477
-521
1387
85
-4038
1887
-4101
-2571
-1029
-1395
-553
2852
-2864
4481
-1449
-1929
2119
3464
4655
-1392
-55
-3105
416
-3342
2523
-2450
4158
-3535
2190
-2215
-612
934
1330
2782
-4142
-147
4231
92
-3711
1739
-2157
401
4829
-33
4608
4077
-2807
-2909
989
1416
-943
3951
4404
-1363
4400
-3318
-2372
-3454
-1486
78
-4459
4773
-1260
-361
4448
-4860
3112
-1480
2785
777
-4060
3066
-851
-2704
-4774
1905
4958
-2697
-2974
4894
-4891
2993
-1677
-3046
-4850
2678
-2896
4982
-4225
1019
1951
2476
2939
-2103
-154
-2415
-589
573
4974
-662
3644
-1733
3930
2583
-1716
-2192
-3600
4560
829
-4893
4021
427
2148
-4426
4456
7
1563
1583
1812
441
3274
-3890
1193
3040
3381
4106
2149
3975
-2321
-1092
2907
-1642
-1940
1543
1925
-1259
-2397
723
-3514
-561
-1213
-1723
4568
-1298
3437
124
-492
4265
3663
-3445
-3679
-2761
928
-626
-1149
-1442
-2889
2778
-1356
-4707
4646
3126
3201
1810
2020
-2832
1291
2649
2249
4525
3518
-2239
-894
-1839
-3394
2300
-3164
3527
3532
1012
-1171
-1266
713
-2443
-3610
-2576
4210
4282
-1052
-4721
-1815
3592
4878
4782
3956
-1407
-4951
570
1583
4438
3535
-3228
3036
-4116
-961
-1316
-501
4665
-211
1546
-3020
3515
-2678
-4836
-4447
-170
2158
1543
-2439
-760
1410
-3284
7
3963
1146
-4438
-3399
2422
2495
1401
-3404
4336
-3925
3226
1909
-4110
301
-408
-382
-3672
749
4490
2207
-1500
-2390
697
-4035
734
2814
457
-4547
-1556
3907
2421
-4862
-2390
991
-4853
1892
1799
-1590
-3567
4640
1083
3408
3299
-3187
3048
2738
1819
1961
-3427
-2857
-3669
4018
3649
496
105
3425
-3630
-2919
-3464
4081
-774
-148
-529
-2802
4922
-1153
2520
-2248
3142
1789
1815
-2698
-3315
-3581
3493
-2009
1955
1264
3128
3011
3436
-2753
48
-3392
-2569
2930
1409
-2094
2581
-4524
1048
-4646
-3643
-4624
1980
-866
4142
-1472
-1965
1593
-824
-114
3934
-4039
3223
-4330
-4751
-3273
613
-68
-2237
-492
-2614
-2342
3726
-3282
1307
-1022
2372
-3086
-2820
4546
1903
-4309
1299
-4043
-3150
4072
1931
4789
-943
-2820
-1407
-4177
-487
2335
3311
1247
-130
930
-573
218
-912
4944
2395
1835
2873
4128
-3857
-2347
-155
-1466
-3158
-1417
4894
-1559
230
-883
1524
1023
3988
-1101
-3755
-1323
21
1269
3502
-2293
1528
3553
-3794
-1108
-927
1838
-4717
-4517
689
2614
-4620
-1512
3592
4255
3226
4882
4964
631
2172
-2857
4324
-4019
1254
-3401
-4195
-2931
4340
-1577
104
2723
-3808
-287
3271
2689
3398
3864
-4830
-3157
-2783
3737
4899
-1632
3524
-3923
-4551
-2253
3591
3339
3245
3671
427
1466
4335
1737
3916
1588
2539
-2777
2786
-937
-3298
3679
4356
4293
-945
-1214
-2662
3291
2652
4487
-755
-866
4818
-2277
2253
3825
4328
582
-482
-1933
-4823
-2550
4544
470
1084
3877
-390
2586
-3694
-299
-2925
344
2555
1211
-20
-3045
-1883
792
3245
-4920
-2126
1252
-1334
4382
628
3469
-3598
568
-520
2924
-1276
-1504
3261
1028
-2673
-1458
1071
1236
2532
-563
-4700
2652
2762
-4193
3250
1404
1134
-1737
-3476
-4601
-1932
-2284
4071
-362
-3778
2173
-2915
3946
2312
-4425
4061
3785
4494
788
-1876
2729
-3557
3942
3516
1755
2095
4082
1287
3935
-1685
-3281
4713
-107
4892
-4883
-3656
2660
-4398
114
-2735
-461
-2052
1503
-2193
100
-685
1586
-4342
1025
1567
1685
-3222
1214
4873
-2557
-1113
-3554
-34
-1141
1615
-4862
1580
2381
2162
-516
-1124
-1167
-546
1618
1309
727
3746
-1635
-4503
-4696
2433
33
4678
2300
965
1095
475
-1835
-4388
-3210
1148
-1831
612
3025
3652
-1075
-4993
-4246
-4929
4028
3315
4771
3905
2791
-4079
-3723
-154
166
3423
-1767
2151
-1491
84
-1740
3014
1801
-1696
-1407
390
-4294
-3962
1958
1337
-1541
-2538
4807
472
4124
-1637
-663
2185
2273
3870
-3457
3376
4995
1621
-3695
-2156
-2588
1916
1083
1084
-1632
2190
2466
2790
-1697
-1104
1776
-396
-2106
3114
-1456
-1884
-4882
883
2918
-1813
-4084
4504
2661
349
-4433
-1000
-2348
-3413
-743
2319
1467
-4391
-2092
-1235
727
4715
-330
4323
1325
-2821
-1937
-4151
-2917
1690
-3473
4127
-390
-303
3333
2046
-3536
4146
-830
-4487
2258
-320
-2389
-3691
4198
-2153
4125
2259
4566
2442
-1237
-1274
257
-2744
2339
-858
763
-3271
4575
1071
-3099
-3414
1992
950
-3945
1379
-3964
3034
-4790
-3502
-48
3379
-2398
3174
-4343
-1559
888
-1415
3955
-653
-3642
-182
429
-3525
4492
-3529
-1604
3899
2223
4484
-4909
3558
3505
4666
3316
-3851
3404
2367
-3119
-1428
1031
2141
1835
-1063
-3717
4978
-1172
-1080
-992
-2060
3264
-554
3312
2766
77
3584
-1395
508
1299
-2842
-1698
-3553
1598
2770
-3612
3021
-551
3679
715
2504
413
2008
925
4057
-3688
-3649
-672
-4135
3688
3046
-2384
-3508
-426
3469
2999
1946
-1377
3369
-2552
-2405
2893
1021
-293
3807
-859
2567
2914
3783
1018
-1271
-3158
-3021
4111
3475
-130
777
-2743
2250
-1354
-4289
2402
-553
-3588
-4363
4954
-4514
3151
1906
-2312
-1047
-960
3385
-97
3505
-1494
3079
-596
-1527
-3041
4668
-197
1350
4221
-3644
312
-1217
-2177
-175
-2381
4861
-4560
-3177
-3490
3855
1962
-845
-2064
-1779
1052
4761
204
-4442
1595
-3176
859
4552
943
4364
-2827
-2869
-1826
609
1263
3819
134
1998
15
3329
212
3173
-4309
-308
-4670
1702
-3185
-4703
-4548
4203
4941
-3284
2131
4515
4606
-3998
1051
1790
-4713
2181
-2513
-2350
3015
-781
996
-3208
4908
-2933
-21
342
-3434
-820
-960
-4966
-4637
3452
2688
-4017
-3814
2883
4759
4367
1267
-4110
-3001
3158
2675
4082
1205
-178
-1275
-2195
-4035
3453
2340
1843
1573
903
421
26
1647
1616
-1487
3782
-2631
-4814
-1327
3441
-3042
2296
-3294
3927
-1009
3093
1591
-240
4988
-3420
-4578
1163
-2004
-2067
955
3459
3005
-256
2576
-4784
-4619
3121
-2962
877
1911
-3408
469
-3694
2641
-1709
-3081
-1042
4673
-2461
-389
2674
3688
1056
-3746
108
-4809
-558
-892
-305
-2666
1981
2763
4539
4788
4159
-2320
4351
1816
-4550
-4021
-3512
-2427
3193
-2282
4675
-2963
3328
-2277
1831
2637
-3644
-2997
1432
4853
-2572
-934
3162
3179
2563
1064
899
-219
4995
507
-1894
1636
-4800
-2088
-510
-4175
-1450
-1168
1997
4975
-4273
1671
-1521
-1568
-3811
3360
1536
2084
-4544
-2845
3933
-4596
-3963
-2863
1117
3340
-2372
1999
-4277
4190
4020
-4435
1284
3684
469
-213
750
3813
-4551
-879
-3166
1561
2088
3404
-4744
272
766
1385
-1378
4956
-3173
-4742
2997
4223
-808
-491
873
-402
2401
3644
906
1029
4483
-3945
-3013
2261
4851
-2355
3255
3880
-1016
514
-3717
-2443
-2778
-2774
1731
4751
3880
-3460
-4443
3976
-4679
1394
-4044
1154
3439
-2996
3826
2694
-2155
1812
3734
-882
-4204
-3732
-250
-2228
1261
-4733
2832
-1554
1525
-4361
-517
-4743
-835
-4843
-3339
322
3421
-1412
4808
2956
-3795
-2401
-3042
-1749
-3232
-200
3949
-2265
4941
2218
4594
-1588
4603
3776
2518
2350
-4200
3825
4095
-3254
4918
-3868
2982
1112
4995
-2336
1328
4397
-2493
-1268
4347
-3684
-1156
-2426
-1081
-4804
2334
943
-498
3589
-2131
4419
113
788
-868
-2090
-911
4527
4536
4346
-105
530
-1890
-1427
-2928
-1049
3802
2608
713
2131
-2211
-2622
-2189
717
-2486
-1702
-2110
-3605
2557
2868
-1432
3621
3240
3922
457
1466
380
-4092
-2614
-4959
-720
-3485
1403
2456
-2303
1783
2271
4376
-410
-1320
1492
2298
-4337
-1295
-4397
2258
-4230
-3120
597
-3174
-3775
4570
-3537
970
2995
-4884
2604
1010
-3843
3133
4726
2778
-3115
3743
-431
-543
2515
-4588
3988
4753
4973
-243
580
996
-2083
4701
4303
-560
-287
2140
738
3085
3262
-1033
2248
-2248
-2062
-2091
-2209
1744
1973
-2683
-4056
-4515
1051
-4349
3547
4208
329
-4567
-1707
-1515
1953
2802
639
-2138
-2709
-342
-2980
3450
3858
-1279
-4113
618
4265
2654
-1818
-4589
-600
-4816
471
151
-3337
3360
1493
3454
-1403
-4254
4159
1691
2085
3498
-2379
-4583
-2026
3036
-4008
-2460
2350
-3045
-3363
1507
-3150
-4189
-4274
4243
3108
1523
45
4272
-2918
193
-458
44
2967
1073
2992
2450
-808
1105
-273
-2620
-3491
-3972
-4183
1120
-3519
2782
1986
3521
-4088
-1114
-4585
2130
725
-4185
1828
285
-139
-4183
3106
3298
-1461
3134
1105
1715
2857
-978
-3011
-2292
-1400
-3565
-4816
-4880
-4092
-1887
-2284
4878
-906
157
3827
898
-1665
654
3837
-3848
830
-2495
-283
3884
-2289
4822
-3751
1069
-1375
-2472
3483
-4496
-4895
-4102
641
960
3624
2717
-3738
-670
-1330
670
-310
1687
2169
-3972
3309
4315
166
-697
-2301
-3973
-2461
-1692
2469
-4796
-2634
45
-956
-459
-4018
4037
-1638
-1354
-1452
1513
1135
4882
4093
3058
3301
-1216
-1617
4296
-544
-288
509
-944
2453
-3536
-2111
-603
2558
2638
3205
133
2952
1640
1822
4386
2393
-4625
-634
425
-3103
1946
4757
-1841
-260
-505
-630
2183
4736
4588
-4821
17
490
-3652
999
3469
3968
149
-1900
3756
-2638
517
4443
-265
-3343
-1075
-324
-2903
-596
-3122
-3314
1655
52
672
-3465
-304
411
3410
-1739
-3216
4669
811
-889
-4194
1930
-1201
-1333
-3195
-4912
2653
1124
-4592
4497
-1307
-3881
2751
-3178
2007
2322
2838
3488
2039
-2614
-204
-2314
-260
3936
2897
-3200
4327
1552
-1440
1999
-4463
-1547
-2716
-2313
-4979
-852
2159
-2694
-99
2243
2837
3617
-4655
-1218
3904
2026
-4358
518
-3347
2105
-1348
-3394
2291
1740
4194
1507
-1724
-4416
603
-161
2715
-3655
1858
4635
533
-2494
-3397
-2769
-3267
-3231
-471
-457
-3552
-1770
-19
-2189
-753
4192
1929
-3157
-2494
4204
2707
-3539
857
-3589
4789
-3163
-4114
3598
2193
-2361
86
1889
3073
2092
2759
-2879
-1764
3559
-4972
1387
-27
-637
3731
-4877
3070
-3061
1743
2718
-4070
-1659
-503
4940
751
-212
-311
2421
2394
-3448
-221
479
-2867
-2756
3653
-3767
-1485
3804
4109
359
1013
-2583
919
-2213
229
3899
-4349
-2500
4951
-2854
1589
-1002
3631
3176
-4586
4222
3221
1262
-1112
991
3157
-2734
-809
2278
4691
3458
-245
4358
60
-1888
4634
3161
-4984
4969
-1046
-4076
-4244
2771
-972
950
2204
-1965
-3644
-2915
1517
-1463
-1219
4421
807
3560
714
-3507
-3046
1398
3806
-233
-408
-3684
45
-4164
2096
3098
4308
378
2091
-1829
-861
-3876
3167
3904
4731
-524
1537
-1765
-4255
-4313
1319
-2166
4594
-3755
972
2654
-3278
-3085
3772
520
-483
3127
-1809
-2737
-1042
-4624
2867
4960
4397
4479
2497
-990
-13
3893
-1646
-2444
-2726
3419
-2517
4758
-4656
-1944
19
-4367
-3206
3907
4661
3812
-2524
4901
4448
-3716
-2810
-2327
-3204
-4674
2867
3795
-4248
2052
-2565
2571
799
-861
-4928
3525
-248
-3035
1990
270
-4276
-1449
404
-4892
3139
-1775
775
-2366
1415
4717
-3083
4711
-2550
-3706
1118
4210
2756
-1618
2991
3276
1108
1164
-511
-3854
-1657
3761
-402
4878
-1305
-699
-4509
-2751
1179
771
1329
4543
1532
2750
-4658
2518
-2617
-2466
4841
-4708
-930
-1622
-2230
-1467
3226
4547
-953
2222
-3973
3115
1843
-2615
-433
-847
4240
1653
1249
-3926
-1706
-1335
-2759
2670
-1636
-4099
514
2092
-1245
-4220
-3688
3626
4723
1034
4256
1565
-1316
-793
3874
1361
-1586
-323
1137
-3067
516
883
-1461
3623
-2869
2974
-3797
1960
1553
-375
4252
-2981
-4839
2689
2488
3727
3403
-2336
1567
4390
4375
1332
-3741
-767
-1734
2730
-2848
1323
-2071
-1460
2617
655
602
4645
3789
86
3923
2685
73
4017
2314
4406
4535
-3201
-3861
-4271
3812
2459
3624
4269
-1585
2038
-4406
669
3404
2492
-1578
-315
4153
-4522
-1509
1169
-4280
-3077
-4264
2034
1627
-2253
2475
3846
4606
-662
2995
3058
-514
-930
-2681
1807
-2280
2645
3919
-1393
-4420
4733
1920
4682
3599
-2383
-3658
25
-3152
-1371
3113
1758
-4606
4527
-4910
1102
2328
-1086
-4377
3645
2128
-568
2914
916
-410
-1189
-1888
4497
-3783
-2048
-2395
-1813
-4822
-3856
-3540
4031
-2144
2772
-1828
3004
4985
-4691
-3977
-3351
4763
-2690
-3556
1230
-1671
-3322
-3316
-2843
4321
2094
4041
-1906
2
-3813
-1526
-1607
-4806
-4928
-1316
-124
1917
291
531
-1151
1683
-4854
1246
18
-1352
-3438
-3848
4244
4231
-3684
-4166
4437
4480
-2956
4925
-4828
-1018
-800
4334
-2700
2838
-1759
-2981
1996
4865
-439
-3254
-2354
-4726
-4599
472
50
-4773
-1691
2206
-3586
-1694
3831
1552
-1868
1401
4845
-368
-1400
-3341
-1984
-1761
-2788
-862
-3550
-2941
-3766
438
-4093
836
-706
-1040
-3425
3313
-3346
3636
2119
-2832
278
2365
-5
4754
4
3226
2721
212
2653
-394
-1627
3330
746
550
1502
1318
-2317
2027
2680
1342
2886
743
-1854
-3716
-1645
4652
-858
407
-3321
480
-2111
-4498
4547
429
2799
4925
1241
2789
-2492
3432
-1981
4546
-2359
2500
-1393
-2037
-2415
3733
-4549
-3213
-634
1410
825
-4468
469
-3115
-1505
297
4035
2190
-3634
1697
-2294
4759
-3268
4158
-1995
-366
1856
-59
-1772
191
-3062
-335
4587
-1990
4956
-1256
-3923
-1071
-743
-1633
3217
-1054
-839
-1111
1518
-1325
-1898
2138
4361
-1044
2230
-581
-2729
1662
2245
1238
4225
183
4350
2832
3108
4205
-971
-490
2401
2344
3029
-736
1512
-4995
-4383
-1613
-3621
4964
-87
419
-2318
3483
3867
-1163
3275
-1213
4947
-302
748
-2936
-3439
-521
-1785
655
3462
3177
3576
-40
-1494
-873
-2402
-3470
2844
2984
3396
4525
-1913
323
3258
-3333
1678
-2259
-4219
-1296
548
-4228
-49
4137
1226
-486
2684
-4727
1558
1814
-4085
-4947
2268
229
2726
2497
-3060
-4922
-3914
-4404
-2329
-2526
-1723
1655
3487
-4702
-1407
-3461
4491
2795
-4470
1495
-3277
4596
-3335
-2031
1198
-1544
-4516
1620
-4746
-1657
4850
-1609
3781
-1481
-4464
-2993
-4354
-1961
1389
-3734
-4022
4452
592
2780
4077
437
-2316
-872
4628
-3391
4678
3924
2030
2433
-101
350
452
-2033
-2480
-35
-4410
-1795
4863
32
-4588
-4077
3370
-4189
-4955
3248
-2328
-1279
-2824
865
-3735
-941
2101
-4064
-4952
1941
2238
2340
2156
-1926
3095
4566
3514
-1866
1231
-2028
-757
-2631
4778
2846
-3434
300
4349
2669
-4230
-252
-138
755
1273
-1165
2853
2990
-2204
-3907
2170
1047
751
2152
1868
-3225
129
3741
3651
3128
-3125
2380
4628
-3527
1138
-228
-3945
2876
3659
-2673
389
2554
-782
2355
-4925
838
-122
-3755
-3738
-4898
-3308
-2703
-4926
-1091
591
116
2995
1054
-407
1746
2407
2923
-3199
3460
-1706
2068
1305
-1511
2766
-1908
-2574
-3651
4272
-1252
1318
-4249
2177
2859
-2638
-1700
-2578
2229
1038
2625
2127
2871
-2405
1533
1558
4445
-536
-1107
-3835
-397
832
-3391
4329
2136
-3229
2996
4326
3793
3343
-758
2400
4394
-629
-4334
3476
1046
4513
4426
945
-4409
278
3697
4599
-103
4663
1831
-4726
4505
-2671
-2527
-366
-3260
3500
-4839
3506
298
-971
2899
-2670
-4207
-1081
-1734
844
741
3285
4520
1296
-2627
-1865
-1724
4884
-4359
-3793
646
-2676
2759
295
4598
-2879
293
40
1139
481
2673
-1623
-3073
1428
4957
3170
4295
-4698
3486
2700
-767
2069
1715
1128
1902
-2199
3234
-3976
-2545
-278
4398
1998
-1005
-4365
-1627
47
2238
3554
-602
-2141
4374
4856
-3872
428
-793
-4253
2645
1376
-2906
3605
-2035
3700
-301
-3631
-2089
-2745
1191
-4622
-4598
1273
1965
1912
666
-2570
-3491
2704
454
-4333
-2845
-882
4238
2900
2799
4378
-4750
-3161
-3995
-1164
-2138
-127
2260
3925
-1806
1042
4820
-332
1605
-4217
-3704
3873
-39
-387
2948
3905
3601
4045
-3704
2087
3600
-2872
-4967
2028
4883
3024
-95
-870
14
3696
-4243
-2134
-1339
-2327
5
-3384
4112
1194
-2712
-336
1074
4748
2901
-4328
-1373
-2841
-1626
-2086
232
964
-3641
812
2756
-1311
-4059
-83
4921
2730
-911
238
3447
-2646
-1565
2234
485
541
-325
-76
3213
1089
3171
4716
-3952
-4391
-4079
-2355
-2357
4717
2681
4278
-1502
1586
1758
1059
-3175
-127
4009
-1689
4658
-505
-3294
3976
816
-1863
1403
151
-3302
257
4237
-4821
-549
3161
2649
1993
4246
-1837
-3807
1874
-938
-3870
-417
-3735
-3052
-2711
4979
-193
4818
4814
-726
1037
2788
2523
-2279
4525
-2354
3329
2889
3526
1960
-3463
1981
4402
1167
-3592
2191
3789
2677
-1219
-280
-3108
-3640
3195
-98
2312
-4512
-3394
4439
4374
-78
3804
-4484
772
-4494
-1175
2249
18
-2555
-3178
-2271
-1638
3108
2360
-945
-3411
-548
-1583
-2025
-548
2739
1357
618
-1472
677
-790
-264
1862
4556
-4124
2032
4026
4238
-307
-1501
4111
1264
-1930
-4233
57
1913
-4515
1672
-201
-2527
195
3000
-4544
120
-4825
-3834
1945
4675
1700
-547
2192
1393
2741
2835
2296
-1013
897
3394
3841
-470
-1738
900
-4989
4867
-3482
1975
999
-3603
-3224
3488
-30
-1293
3389
-4789
-3185
-2939
-719
4433
-4680
-2423
1817
-270
4913
31
3535
3186
-4063
3954
1814
2736
-771
2426
2492
-1295
3699
-1042
-1092
1084
-2704
-410
253
-2594
-450
991
219
2525
-1650
-4568
-2448
-502
-3058
-2998
1278
3440
438
1204
1483
-1719
725
-749
-3686
2047
3651
1041
3506
-4753
-637
2149
253
-998
3304
-3416
-2385
4166
3072
-1144
4177
2450
-3808
-2699
4473
1350
-3970
824
-584
-664
-379
-4876
3151
-1045
1913
1060
-3953
2274
3223
-3132
1900
-4365
1016
4540
3821
998
4802
2647
-3358
3468
-4773
3634
434
-1667
-1509
-3008
-4143
-3942
4252
-1879
2730
-1615
-1535
-2845
3231
2478
2960
2057
-4998
2526
-771
1863
4798
-3761
4965
3528
-4625
-1852
36
359
-2677
-3195
4451
3633
3139
1698
2257
-4628
-4374
-856
-4659
-4527
-1351
4781
-434
3396
733
2469
-3489
-876
174
-3466
1049
4318
3164
-951
1279
4300
2664
3671
2352
987
108
-2909
4925
2826
-296
183
-1160
-1698
3770
-3498
-540
754
1801
352
-1489
-2100
4703
3700
-4615
-2597
1472
-849
639
-4531
-2325
-1629
2265
-4916
3052
3812
-2228
1112
-117
-1317
-3332
-2144
-299
-3843
1858
3082
-3532
2214
-4218
-1054
4622
-2625
-919
-2193
199
1023
3778
-4287
-1484
1869
-1629
3943
4029
3347
4663
4381
-4546
4142
3210
1730
-3349
3378
405
-2105
-3843
-2694
3764
-3516
-2612
-4194
3334
-1867
4379
2061
833
-15
-917
-3174
-3409
1019
-755
-813
4073
3649
1160
-21
3726
-574
2179
410
-1185
3421
3823
4906
651
-572
-4076
-2926
2162
-289
1159
-4544
-1703
4813
-187
-4609
-2887
-1578
-1506
1800
-1037
-4917
1088
-459
4836
1391
-3697
-895
3713
-785
4254
219
1776
4940
397
-1527
4258
-2598
-2016
3288
2864
-3167
-3753
4290
513
4816
-4865
2985
998
2177
-460
-2241
3123
4887
2865
-4680
4378
-315
-4330
1991
-539
-3000
-1579
-3450
-225
4228
-1031
-2975
-801
3069
819
-511
3650
4732
3538
-4666
917
1761
1886
-514
-2804
-505
-910
2818
-2926
515
1139
-2688
1997
2950
-3551
1875
-1171
4642
-502
2110
4033
3785
3989
-136
-2139
-735
433
1728
-4292
52
3499
-2206
54
-3468
-1978
3874
-145
4364
954
645
-1980
-3071
-3637
-3520
-686
4311
-2763
3128
-4595
-1808
-2063
1880
-710
-1537
2215
-256
457
4955
144
-2054
3890
4143
-4602
-839
235
-4754
-422
106
-1645
4644
-2654
61
1278
391
-4643
-2532
-4210
-4100
2500
-2695
-742
1814
4639
1079
4317
2090
1633
-1329
4014
-898
-3454
-4349
184
-2305
1463
1470
4181
1874
-4209
3274
3468
882
2556
3292
3795
648
-1956
-1510
-1629
-2119
-3708
-3172
2535
-4487
1896
-4208
4784
2045
-247
-2281
-4055
-786
4427
-530
4113
3258
4850
-3897
2842
-3468
-4967
2037
-4035
4811
-2274
-2585
3288
-4935
4173
-2469
-1018
-1854
120
4
-4999
3084
3360
902
3942
-3683
2258
-3634
-1396
-4304
-1199
527
3651
3106
-965
1783
-4883
-4151
3259
-4368
3964
2179
-1221
1618
-848
-4308
-3820
-587
3434
-4550
-4524
-4427
-301
4819
3786
-258
-1630
-3378
1024
-2265
-4146
3447
-2234
283
3056
3915
2775
178
-3261
-189
-2134
4446
2587
-146
-3608
3057
880
-2537
148
-2596
-1819
-2314
-4068
-3165
-375
3138
-4901
1052
2490
-2348
-3848
-298
-464
-1545
1550
-971
2173
1387
953
4828
2015
-248
1354
3284
-2224
-3680
4535
-4040
-3510
2029
2914
-4317
2138
-998
2132
577
880
2030
-2362
-4109
-1872
-4781
2764
3678
-152
692
-4097
2371
4414
3556
-4283
-1512
-3514
-3412
-3378
-3563
2541
-2612
-706
4732
2805
-4573
-846
3663
-947
4890
-1887
3013
-3301
-582
2320
2679
-1735
-3250
882
1141
-3430
-701
-917
-2234
-153
-2421
2431
156
2443
-2639
-4149
38
2775
2471
-225
-769
1394
-4020
1783
-1676
4001
4233
3349
-2190
799
2522
-4723
429
-3223
-2022
-2515
3246
-4055
423
-442
3780
1564
-2908
-4901
-1253
4546
1101
69
-2966
914
-3803
-4224
662
-1864
-2212
-2122
-1468
-3092
2973
-3050
-4532
-161
-333
577
-4487
-1292
-4245
-1183
3725
3017
-3596
821
-3439
2561
2099
-691
921
3712
2163
2303
4038
3746
586
2948
-4138
-4392
807
-4797
-4506
4656
-2568
-3369
1399
3184
3320
-2689
2158
3838
-1308
290
1094
431
446
-260
3488
490
2267
-2646
2986
-4440
1944
478
-3794
1723
4202
-4337
-4159
1112
290
-3167
4236
1986
1150
-2740
-1129
2852
-419
3003
-815
-2869
-533
-1484
620
110
2506
-4321
-1226
3739
-1966
-892
-4126
1727
-1921
-3402
469
529
-4232
-4506
-3620
-4485
-960
4757
-4998
1110
-507
-2295
2416
4418
-2042
-1445
-2363
-4817
-3166
1883
-1691
4922
-4741
-623
694
-2729
4298
-4095
-2155
-4136
4716
394
319
3335
-903
1979
-772
-2154
-1915
-4910
4613
928
2351
-989
3526
667
-4168
-495
-2513
-3155
-4466
4076
2756
-3128
3174
3671
1589
1684
167
-4300
4039
4135
3923
2655
-4703
-2925
-1983
2660
-1821
-3876
4885
509
-3087
-3148
-2670
3836
1277
4582
-1386
2610
-4766
-3797
-4909
1674
2797
812
-1171
-620
1510
-1756
-4241
4881
-1779
2289
2760
4088
3103
4808
852
804
2807
2994
-3819
-3942
-463
-4362
80
-3030
-294
356
-1756
369
579
-3925
-3500
104
-1692
-2744
3286
4798
-3730
-1907
-1308
2189
-519
-4535
3248
-3429
4396
-3175
3829
4287
26
427
-680
-531
1529
2586
-2995
-64
239
-2485
3734
995
1157
3059
-4074
-3619
4221
-4557
-764
-2362
-1680
-687
3051
3866
-3328
1748
-4706
-2903
2108
2187
2409
281
-1278
2747
-829
-3255
-2594
-1532
-4881
2210
881
4830
-1711
-4612
125
-683
-4530
2074
-4196
-50
780
-1165
-671
3573
2760
2814
4150
-2363
1575
-3863
-3724
1827
-2236
2038
-2510
4263
4328
-573
4644
455
-3976
1812
-2380
-4558
2936
2255
-82
-3146
-3651
-1516
-138
-1617
2465
4199
52
637
1759
-3860
-1105
-976
3613
317
-392
3027
-3286
4186
4749
-3022
-963
-1938
4094
-4391
-243
-2774
3532
3802
383
3889
-4787
-2278
922
-3360
-4563
-2662
4007
-313
-3506
-3907
1427
-1401
-1056
-1318
-3834
-2246
2219
-64
-1426
-1638
89
4800
-4779
-4401
1937
1068
-766
2217
-706
4507
-2725
1030
302
-1531
-56
-3344
438
1185
-2078
1958
3363
-1287
-4246
-1098
4011
-2634
1862
-4044
-62
2750
-2650
-1831
-2152
2294
-2475
-2198
1856
3158
-4629
-3436
-4148
2136
-3329
1089
132
2283
-1334
2058
4933
2666
-1754
-3943
1110
-2491
-2730
1082
1205
-3975
-2209
-3170
-112
3873
-3756
-2693
-2400
872
-593
4531
3344
-2215
1051
2398
-2437
3925
4207
871
-1405
3616
-2891
1569
4142
2777
3112
1092
-1621
-764
860
-3960
3747
-3786
3303
-196
-4950
2748
2925
-4860
-2316
4121
361
-67
2804
3274
-2473
3757
-624
-201
-2560
4540
352
2392
-1524
1273
3510
4353
299
-1429
2631
1948
1855
-3867
-4281
-1214
-4847
2868
4339
4837
3588
840
-840
2333
-3929
-2979
3745
-1731
-1277
-1915
-2819
641
-316
-4861
-913
-377
-2027
-1978
1583
-714
-4428
-1263
766
-881
1189
2883
4423
-3681
3858
-3688
-2800
-2369
-1409
-3957
1184
-4776
1451
-3306
1402
-2522
-3661
-1752
-488
-664
3265
1361
3891
-1856
3410
4029
4158
-435
470
1323
1443
-4893
240
4920
4037
-3468
-4356
-1011
-1948
-259
4176
2306
4911
-2369
1227
3853
-2604
601
4491
-789
515
-4289
2107
-1190
65
3945
1753
-1888
-2008
-2519
3829
1596
-3413
362
-3611
-4617
3494
4834
1013
-1914
-28
4325
364
4367
587
3270
3386
662
4355
4633
-3906
-317
-2892
-1414
3476
-4431
60
2484
27
-2683
-3281
1295
-3723
825
937
-3783
-1737
500
4591
704
1600
-3048
4580
2057
-601
-840
-361
4176
-771
-4860
4090
-644
-2975
-2269
925
-4626
18
4027
-2103
1958
4191
-2113
2696
-750
3050
-4314
-3807
2004
4396
-4252
-2989
4015
-814
1847
4679
-1682
4948
-3968
2535
2929
2646
1372
4925
661
-2568
-1585
-12
-2850
4712
4428
